tag	var.Totalreads.AE4_LOW_1_M_a	var.Totalreads.AE4_LOW_2_M_a	var.Totalreads.AE4_LOW_3_M_a	var.Totalreads.AE4_LOW_4_M_a	var.Totalreads.AE4_LOW_5_M_a	var.Totalreads.AE4_LOW_6_M_a	var.Totalreads.AE4_LOW_7_M_a	var.Totalreads.AE4_LOW_1_M_b	var.Totalreads.AE4_LOW_2_M_b	var.Totalreads.AE4_LOW_3_M_b	var.Totalreads.AE4_LOW_4_M_b	var.Totalreads.AE4_LOW_5_M_b	var.Totalreads.AE4_LOW_6_M_b	var.Totalreads.AE4_LOW_7_M_b	var.Totalreads.AE4_LOW_1_D_a	var.Totalreads.AE4_LOW_2_D_a	var.Totalreads.AE4_LOW_3_D_a	var.Totalreads.AE4_LOW_4_D_a	var.Totalreads.AE4_LOW_5_D_a	var.Totalreads.AE4_LOW_6_D_a	var.Totalreads.AE4_LOW_7_D_a	var.Totalreads.AE4_LOW_1_D_b	var.Totalreads.AE4_LOW_2_D_b	var.Totalreads.AE4_LOW_3_D_b	var.Totalreads.AE4_LOW_4_D_b	var.Totalreads.AE4_LOW_5_D_b	var.Totalreads.AE4_LOW_6_D_b	var.Totalreads.AE4_LOW_7_D_b	var.Totalreads.AE4_LOW_1_B_a	var.Totalreads.AE4_LOW_2_B_a	var.Totalreads.AE4_LOW_3_B_a	var.Totalreads.AE4_LOW_4_B_a	var.Totalreads.AE4_LOW_5_B_a	var.Totalreads.AE4_LOW_6_B_a	var.Totalreads.AE4_LOW_7_B_a	var.Totalreads.AE4_LOW_1_B_b	var.Totalreads.AE4_LOW_2_B_b	var.Totalreads.AE4_LOW_3_B_b	var.Totalreads.AE4_LOW_4_B_b	var.Totalreads.AE4_LOW_5_B_b	var.Totalreads.AE4_LOW_6_B_b	var.Totalreads.AE4_LOW_7_B_b	var.Totalreads.AE4_LOW_1_E.P7_a	var.Totalreads.AE4_LOW_2_E.P7_a	var.Totalreads.AE4_LOW_3_E.P7_a	var.Totalreads.AE4_LOW_4_E.P7_a	var.Totalreads.AE4_LOW_5_E.P7_a	var.Totalreads.AE4_LOW_6_E.P7_a	var.Totalreads.AE4_LOW_7_E.P7_a	var.Totalreads.AE4_LOW_1_E.P7_b	var.Totalreads.AE4_LOW_2_E.P7_b	var.Totalreads.AE4_LOW_3_E.P7_b	var.Totalreads.AE4_LOW_4_E.P7_b	var.Totalreads.AE4_LOW_5_E.P7_b	var.Totalreads.AE4_LOW_6_E.P7_b	var.Totalreads.AE4_LOW_7_E.P7_b
AAAAATACCGTGGCTAATTG	0	0	0	0	0	0	0	0	0	0	0	0	0	0	0	0	0	0	0	0	0	0	0	0	0	0	0	0	136.338878520949	0	0	0	0	0	0	134.470702626661	0	0	0	0	0	0	0	0	0	0	0	0	0	0	0	0	0	0	0	0
ACAGTTAGACCTGGGTTTTG	369.422860306611	65.816020716376	0	0	0	0	0	573.640538516901	78.299670764035	0	0	0	0	0	555.799503707341	0	0	0	0	0	0	220.701449492283	0	0	0	0	0	0	647.033412843003	0	0	0	0	0	0	258.683704219622	0	0	0	0	0	0	0	0	0	0	0	0	0	0	0	0	0	0	0	0
TGGCTCTTAGTTGTTAGATT	327.50807488775	0	0	0	0	0	0	191.498099106029	0	0	0	0	0	0	503.440906732072	0	0	0	0	0	0	622.121699699125	0	0	0	0	0	0	734.966440317378	0	0	0	0	0	0	912.590595325936	0	0	0	0	0	0	0	0	0	0	0	0	0	0	0	0	0	0	0	0
TCCTGGGACCGTTGCGTTTT	125.48401597448	0	0	0	0	0	0	937.427163702274	0	0	0	0	0	0	435.857469501581	0	0	0	0	0	0	311.753790036352	0	0	0	0	0	0	384.600280361225	0	0	0	0	0	0	251.701571583237	0	0	0	0	0	0	0	0	0	0	0	0	0	0	0	0	0	0	0	0
GGATTTCTTGTTTTTATGTC	2272.59710258622	0	0	0	0	0	0	1099.21445652703	0	0	0	0	0	0	1482.00823069718	0	0	0	0	0	0	1911.12903516394	0	0	0	0	0	0	1718.45039808904	0	0	0	0	0	0	1555.55019205175	0	0	0	0	0	0	14988.451828908	0	0	0	5962.21729959778	0	42.1997329681722	19370.5881645562	0	0	0	32.3115560818802	0	176.854359170229
GTCATATGATTGTAATGATA	0	0	0	0	0	0	0	0	0	0	0	0	0	0	1008.73850130015	0	0	0	0	0	0	1166.14904034714	0	0	0	0	0	0	563.966582034685	0	0	0	0	0	0	1037.92418610745	0	0	0	0	0	0	0	0	0	0	0	0	0	0	0	0	0	0	0	0
CTCAATATTTTGGCAAATTC	0	0	0	0	0	0	0	0	0	0	0	0	0	0	195.602063522861	0	0	0	0	0	0	165.612704642561	0	0	0	0	0	0	371.879871532408	0	0	0	0	0	0	343.158889203037	0	0	0	0	0	0	225.592179471112	0	0	0	0	0	0	172.845741589203	0	0	0	0	0	0
AAATTAAAAATTGACAAAGT	54.931799524098	0	0	0	0	0	0	214.976466138645	0	0	0	0	0	0	139.251587700186	0	0	0	0	0	0	55.4352149431165	0	0	0	0	0	0	188.074232549563	0	0	0	0	0	0	287.732823953715	0	0	0	0	0	0	0	0	0	0	0	0	0	0	0	0	0	0	0	0
CCACAGCCCTTAGGTCCGAG	3373.31581532502	0	0	0	0	0	0	4897.24585948325	0	0	0	0	0	0	3233.23619761471	0	0	0	0	0	0	4142.88149475514	0	0	0	0	0	0	3386.87287957615	0	0	0	0	0	0	3196.43756077041	0	0	0	0	0	0	29419.3686999803	0	0	0	11598.5443986453	211.075163319884	158.929012743853	26327.2284153268	0	0	0	42.4237301123952	37.8770790898947	226.638004345051
ATAAAGTCCTTTGTTTTAAG	0	0	0	0	0	0	0	0	0	0	0	0	0	0	86.1503155905149	0	0	0	0	0	0	87.7262276474819	0	0	0	0	0	0	111.495663962655	0	0	0	0	0	0	97.836056077731	0	0	0	0	0	0	0	0	0	0	0	0	0	0	0	0	0	0	0	0
TCGTTCGTTTTTTGCTTTGG	3663.50844977776	0	0	0	0	0	0	5683.81384301595	0	0	0	0	0	0	4187.10957336099	0	0	0	0	0	0	4666.39780587419	0	0	0	0	0	0	6058.32947737048	0	0	0	0	0	0	5888.26519001745	0	0	0	0	0	0	358.08282455732	0	0	0	0	0	0	428.82739877581	0	0	0	0	0	0
TTTGTACGTCTTACGGCTTA	894.702769499921	0	0	0	0	0	0	1077.44360709678	0	0	0	0	0	0	2245.7567720368	0	0	0	0	0	0	2563.39363298839	0	0	0	0	0	0	2216.50989545361	0	0	0	0	0	0	1897.58849206623	0	0	0	0	0	0	156.840277156106	0	0	0	0	0	0	223.031935575678	0	0	0	0	0	0
TTATATGTAATCCTCCGTTT	0	0	0	0	0	0	0	0	0	0	0	0	0	0	76.9597108023027	0	0	0	0	0	0	84.5387027882527	0	0	0	0	0	0	73.3344374762026	0	0	0	0	0	0	108.093757111431	0	0	0	0	0	0	0	0	0	0	0	0	0	0	0	0	0	0	0	0
TATATATTAGGGGGCTTTGG	0	0	0	0	0	0	0	0	0	0	0	0	0	0	207.577700065077	0	0	0	0	0	0	108.029375120398	0	0	0	0	0	0	107.568557881275	0	0	0	0	0	0	145.331797838814	0	0	0	0	0	0	0	0	0	0	0	0	0	0	0	0	0	0	0	0
AGCTTCACTTTCAAGGCTTT	2418.12732028276	0	0	0	0	0	0	4366.12250926542	0	0	0	0	0	0	3389.56931340612	0	0	0	0	0	0	2930.23616787446	0	0	0	0	0	0	3464.64665436173	0	0	0	0	0	0	2765.18312151324	0	0	0	0	0	0	296.492578733461	0	0	0	0	0	0	234.656533224303	0	0	0	0	0	0
GCATAGCATTAAAAGTATCA	0	0	0	0	0	0	0	0	0	0	0	0	0	0	273.397283851365	0	0	0	0	0	0	220.978625566998	0	0	0	0	0	0	321.339723702476	0	0	0	0	0	0	224.376435216153	0	0	0	0	0	0	0	0	0	0	0	0	0	0	0	0	0	0	0	0
CTTGTTTCTATTTTATGGAA	490.047191015136	0	0	0	0	0	0	1605.83492915083	0	0	0	0	0	0	1144.64805089553	0	0	0	0	0	0	831.181754053354	0	0	0	0	0	0	1133.73845132011	0	0	0	0	0	0	1141.27698895961	0	0	0	0	0	0	0	0	0	0	0	0	0	0	0	0	0	0	0	0
TGGTTGGGCCGTATTACGGA	5109.43837658742	0	0	0	0	0	0	1464.11096815394	0	0	0	0	0	0	1915.54484040376	0	0	0	0	0	0	2364.45050536128	0	0	0	0	0	0	3600.98553288268	0	0	0	0	0	0	2809.92048988711	0	0	0	0	0	0	308.309311943853	0	0	0	0	0	0	188.398651546673	0	0	0	0	0	0
AGCGCGCGTGCTAGGAATCG	27103.9399898294	0	0	0	0	0	0	23188.6012954936	0	0	0	0	0	0	27831.2864897181	0	0	0	0	0	0	23881.837067588	0	0	0	0	0	0	24128.90811084	0	0	0	0	0	0	22112.0692627558	0	0	0	0	0	0	1254.00605159973	0	0	0	0	0	0	1655.42287480308	0	0	0	0	0	0
CCTGTATAGTTGTTAGGTTA	2553.41748688319	0	0	0	0	0	0	2674.22869295504	0	0	0	0	0	0	1670.27637726783	0	0	0	0	0	0	2151.02492783028	0	0	0	0	0	0	1758.40443387351	0	0	0	0	0	0	1488.83203574852	0	0	0	0	0	0	114.407462446064	0	0	0	0	0	0	84.2582905427885	0	0	0	0	0	0
GCTGTATGAATGCTGGATCT	4442.09945345897	0	0	0	0	0	0	5556.85990927959	0	0	0	0	0	0	4767.51019089536	0	0	0	0	0	0	5913.55155405696	0	0	0	0	0	0	3784.19356876619	0	0	0	0	0	0	4848.35842303793	0	0	0	0	0	0	367.930102232646	0	0	0	0	0	0	268.24761194688	0	0	0	0	0	0
CTTGGACGTTAGGACTTGAT	5471.91882937124	0	0	0	0	0	0	7050.51093195457	0	0	0	0	0	0	9352.13662994448	0	0	0	0	0	0	15336.6372721439	0	0	0	0	0	0	4944.73878768528	0	0	0	0	0	0	6504.84784122803	0	0	0	0	0	0	377.598338495694	0	0	0	0	0	0	309.374636731323	0	0	0	0	0	0
TGGCATGTATAAAGGTTGGA	432.338428481921	0	0	0	0	0	0	346.113818000821	0	0	0	0	0	0	343.765752835859	0	0	0	0	0	0	275.790194342005	0	0	0	0	0	0	270.031229030534	0	0	0	0	0	0	302.041885899885	0	0	0	0	0	0	97.7566111041484	0	0	0	0	0	0	67.422666362022	0	0	0	0	0	0
ATGAGTCATTTTTATCCGTA	4716.84523117349	0	0	0	0	0	0	1211.31298712276	0	0	0	0	0	0	2123.58671242783	0	0	0	0	0	0	1914.94020619128	0	0	0	0	0	0	2465.19815665055	0	0	0	0	0	0	2076.36556722501	0	0	0	0	0	0	128.909816840635	0	0	0	0	0	0	136.769404058989	0	0	0	0	0	0
GGGCTATCTTCCTGTTTGAA	985.908648330611	0	0	0	0	0	0	935.80502198002	0	0	0	0	0	0	633.501889644045	0	0	0	0	0	0	682.753966043159	0	0	0	0	0	0	862.341272348222	0	0	0	0	0	0	1341.9486528794	0	0	0	0	0	0	80.568635525397	0	0	0	0	0	0	93.5579686616881	0	0	0	0	0	0
TGATGGTTTAGAATATAGTC	0	0	0	0	0	0	0	0	0	0	0	0	0	0	48.738055695065	0	0	0	0	0	0	87.1718754980508	0	0	0	0	0	0	114.227563845354	0	0	0	0	0	0	128.781557515533	0	0	0	0	0	0	0	0	0	0	0	0	0	0	0	0	0	0	0	0
TTGAATAGATGACGAAAGTA	26764.7166022469	0	0	0	0	0	0	31054.7933861013	0	0	0	0	0	0	24716.228472865	0	0	0	0	0	0	21304.0995727331	0	0	0	0	0	0	31901.3340208615	0	0	0	0	0	0	33822.5710798342	0	0	0	0	0	0	28027.1426781014	0	0	0	11374.5338305807	301.445287363033	67.224252334197	27433.3289240032	0	0	0	33.0225683184008	41.7073455147155	166.816017602191
CCGAGATAAATATCTTTGCT	0	0	0	0	0	0	0	0	0	0	0	0	0	0	0	0	0	0	0	0	0	0	0	0	0	0	0	0	37.3928796444432	0	0	0	0	0	0	42.927185838511	0	0	0	0	0	0	0	0	0	0	0	0	0	0	0	0	0	0	0	0
GACGTCGCGCTCGGCTTACT	3173.72159904472	0	0	0	0	0	0	2348.60508618268	0	0	0	0	0	0	1386.76014471025	0	0	0	0	0	0	2052.21165719417	0	0	0	0	0	0	1415.97785795145	0	0	0	0	0	0	1603.99412466469	0	0	0	0	0	0	246.181941883158	0	0	0	0	0	0	135.005672001956	0	0	0	0	0	0
GACATTGGTATTGCTAACGT	1639.01563603734	0	0	0	0	0	0	1855.47400261762	0	0	0	0	0	0	3075.2320627709	0	0	0	0	0	0	2625.34248568732	0	0	0	0	0	0	2963.34302588646	0	0	0	0	0	0	2637.09115734451	0	0	0	0	0	0	99.547025226935	0	0	0	0	0	0	129.153288358166	0	0	0	0	0	0
TTCATATCTCTTGCTGATGC	83.3088902735135	12838.9035364358	0	0	0	0	0	106.036843107306	13891.8709847835	0	0	0	0	0	73.0606663466975	13820.7387483675	0	0	0	0	0	29.5192519572096	15221.7626909919	0	0	0	0	0	0	6704.1011163454	0	0	0	0	0	0	7565.08682321765	0	0	0	0	0	0	17226.6992257598	0	0	0	0	0	0	19604.684981586	0	0	0	0	0
TCCATGCCTACATCGTTACT	67.8620335352995	9317.74642810971	0	0	0	0	0	88.8762912034669	10665.3585275888	0	0	0	0	0	238.862890101719	10339.995120374	0	0	0	0	0	29.9350160692829	11798.8171795308	0	0	0	0	0	0	26726.6333769472	0	0	0	0	0	0	24178.7016546579	0	0	0	0	0	0	2128.49686160962	0	0	0	0	0	0	1956.09011588644	0	0	0	0	0
TTCCTCCTAGATTTTTATTA	65.6925311844268	21899.0272548843	0	0	0	0	0	121.233749768418	22021.2635491448	0	0	0	0	0	216.118464110688	10565.8255643439	0	0	0	0	0	44.4174659731721	15428.6593911941	0	0	0	0	0	0	21929.6733481602	0	0	0	0	0	0	23295.2618680539	0	0	0	0	0	0	1746.05061354118	0	0	0	0	0	0	1893.2845295659	0	0	0	0	0
TGCGCTAATTATTCAATGGT	0	0	0	0	0	0	0	0	0	0	0	0	0	0	96.2692642967284	0	0	0	0	0	0	66.0371998009876	0	0	0	0	0	0	0	0	0	0	0	0	0	0	0	0	0	0	0	0	1121.69444792581	0	0	0	0	0	0	1159.73399713794	0	0	0	0	0	0
AAATGGTTGTGCATCATCTG	0	0	0	0	0	0	0	0	0	0	0	0	0	0	1697.75535724067	0	0	0	0	0	0	913.364460206524	0	0	0	0	0	0	0	0	0	0	0	0	0	0	0	0	0	0	0	0	13095.9841011226	0	0	0	0	154.213062798352	0	13167.8631985281	0	0	0	0	34.3021637600619	0
TGTTTCAATTATAGGGTTGC	0	0	0	0	0	0	0	0	0	0	0	0	0	0	0	0	0	0	0	0	0	0	0	0	0	0	0	0	0	0	0	0	0	0	0	0	0	0	0	0	0	0	1122.23157216264	0	0	0	0	0	0	1292.17424069331	0	0	0	0	0	0
TCAATGTTGTTTCGATAATA	0	306.122848736763	25343.1651122772	0	0	70.7209245535523	552.486709268734	0	227.729403884796	26284.5392258146	0	0	58.073063172604	110.958359937689	0	224.31083724421	38760.1340207975	51.9089252816823	0	0	751.366673415671	0	86.9784254752058	39796.5504448007	56.0401713703685	0	0	98.1570140714532	0	0	36416.5324780206	36.1947549275766	0	0	0	0	0	40118.1590237733	100.344735580098	0	0	0	208.762286716918	0	18896.0110621543	46.1215355147982	0	0	0	212.28920395557	0	20184.0726999372	118.318536706937	0	0	0
ATATGGTCTATTAAAATCTC	0	0	6467.02587580464	0	0	0	0	0	0	5723.72113950233	0	0	0	0	0	0	2268.3477659781	0	0	0	0	0	0	2392.59161195528	0	0	0	0	0	0	500.77073153152	0	0	0	0	0	0	479.829272824277	0	0	0	0	108.857178665425	0	10818.8806599794	0	0	0	0	94.1191561343803	0	9562.94622403133	0	0	0	0
GTTTGCTTCGCTGTCGCTTA	0	0	0	0	0	0	0	0	0	0	0	0	0	0	0	0	0	0	0	0	0	0	0	0	0	0	0	0	0	0	0	0	0	0	0	0	0	0	0	0	0	0	1768.03394625177	0	61.7558826286679	0	0	0	0	1910.12181776639	0	72.0634377734958	0	0	0	0
CATTGGACGGGGGTGGTATT	0	0	0	0	0	0	0	0	0	0	0	0	0	0	0	0	0	0	0	0	0	0	0	0	0	0	0	0	0	0	0	0	0	0	0	0	0	0	0	0	0	0	1410.48824593128	0	0	0	0	0	0	928.043740555014	0	0	0	0	0	0
CAGGATGTGCACCTGGCGTA	0	0	4007.50993180515	0	0	0	0	0	0	3865.79418105096	0	0	0	0	0	0	1301.38423977287	0	0	0	0	0	0	1439.3304208405	0	0	0	0	0	0	216.394549019672	0	0	0	0	0	0	184.176031718164	0	0	0	0	74.8393103324799	0	6859.12158995031	0	0	0	0	52.5111135162003	0	5498.3122706293	0	0	0	0
GGGGTTGCGTCAATGTGGAT	0	0	8550.38133882858	0	0	0	0	0	0	9363.45825807198	0	0	0	0	0	0	3975.48738780966	0	0	0	0	0	0	3961.85647719119	0	0	0	0	0	0	1106.21679752449	0	0	0	0	0	0	860.198374887287	0	0	0	0	177.609080980431	0	16061.6855723259	0	0	0	0	136.528895142121	0	15177.1269916898	0	0	0	0
ATCGGAGGGTGCGTCAGAGG	0	0	0	0	0	0	0	0	0	0	0	0	0	0	0	0	0	0	0	0	0	0	0	0	0	0	0	0	0	0	0	0	0	0	0	0	0	0	0	0	0	0	231.321504664029	0	0	0	0	0	0	101.895611113115	0	0	0	0	0	0
CGAGATGACGTTTTTGAGTA	0	0	0	0	0	0	0	0	0	0	0	0	0	0	0	0	0	0	0	0	0	0	0	0	0	0	0	0	0	0	0	0	0	0	0	0	0	0	0	0	0	0	986.518181655417	0	0	0	0	0	0	758.084105968229	0	0	0	0	0	0
CAACACACTTGCAATTACGT	0	0	0	0	0	0	0	0	0	0	0	0	0	0	0	0	0	0	0	0	0	0	0	0	0	0	0	0	0	0	0	0	0	0	0	0	0	0	0	0	0	0	111.363758437327	0	0	0	0	0	0	88.106433212678	0	0	0	0	0	0
TTGGTTTATTTATTTGCCTT	0	0	10461.9218839625	0	0	0	0	0	0	9737.27145849396	0	0	0	0	0	0	6620.39382418529	0	0	0	0	0	0	7138.46762344181	0	0	0	0	0	0	2423.42237562228	0	0	0	0	0	0	2317.32822879078	0	0	0	0	99.1889424023777	0	9518.6087934752	0	0	0	0	103.739512809104	0	9902.96127687632	0	0	0	0
GTTGCTATGCATATCGGTTG	0	167.752500421144	14101.3708015551	0	0	0	251.233279821211	0	107.355452204183	14139.9238613604	0	0	0	40.4524854880608	0	0	22000.1167868466	0	0	0	0	0	0	21527.1138045949	0	0	0	0	0	0	17029.3172842075	0	0	0	0	0	0	16495.8144910145	0	0	0	0	114.765545270621	0	9397.90944032999	0	0	0	0	97.0052631367975	0	9717.04126546323	0	0	0	0
TCATAGGTAATGTGACGGTC	0	0	0	0	0	0	0	0	0	0	0	0	0	0	0	0	0	0	0	0	0	0	0	0	0	0	0	0	0	0	0	0	0	0	0	0	0	0	0	0	0	0	834.153939806277	0	0	0	0	0	0	709.58147439983	0	0	0	0	0	0
TGAACTAATGCGTAGTGGTA	0	0	0	0	0	0	0	0	0	0	0	0	0	0	0	0	0	0	0	0	0	0	0	0	0	0	0	0	0	0	0	0	0	0	0	0	0	0	0	0	0	0	339.462517680339	0	0	0	0	0	0	274.981861619186	0	0	0	0	0	0
TCTGCGGATAGCTATCGCTC	0	0	9897.94671878651	0	0	0	0	0	0	10847.7904287221	0	0	0	0	0	0	9517.57563131971	0	0	0	0	0	0	9093.4498330465	0	0	0	0	0	0	14698.6120279986	0	0	0	0	0	0	14690.4461986101	0	0	0	0	103.664977709344	0	9345.99700009375	0	0	0	0	91.0727098540512	0	9518.50100733346	0	0	0	0
ACGATGCCATGGGTATTTGG	0	0	0	0	0	0	0	0	0	0	0	0	0	0	0	0	0	0	0	0	0	0	0	0	0	0	0	0	0	0	0	0	0	0	0	0	0	0	0	0	0	0	1543.87409807889	0	0	0	0	0	0	918.583723158203	0	0	0	0	0	0
CGGTTTAATTCAATCGCTCA	75.5854619044065	12222.661866276	0	0	0	0	0	78.1189303085228	10840.0705640406	0	0	0	0	0	0	11700.2119851382	0	0	0	0	0	0	11154.4448343642	0	0	0	0	0	0	6163.4964190473	0	0	0	0	0	0	6903.46838390301	0	0	0	0	0	0	16808.0163687917	0	0	0	0	0	0	16690.5282872759	0	0	0	0	0
GAGGTAGCAGGTCGTGGGCT	49.5514336939336	7090.73600332214	0	0	0	0	0	51.0547763109253	6998.66984896654	0	0	0	0	0	0	7708.28953911172	0	0	0	0	0	0	7618.68572154417	0	0	0	0	0	0	3247.39612034413	0	0	0	0	0	0	3180.31331172804	0	0	0	0	0	0	9319.61727678422	0	0	0	0	0	0	9956.4863088324	0	0	0	0	0
GACTCGTCGCATAGAGGTCA	0	508.585464845234	0	0	0	0	0	0	163.014254313557	0	0	0	0	0	0	1092.17512285598	0	0	0	0	0	0	565.575058721202	0	0	0	0	0	0	2055.9745815	0	0	0	0	0	0	2213.05686946976	0	0	0	0	0	0	325.206254392535	0	0	0	0	0	0	465.751821136894	0	0	0	0	0
CTTAAGTTATATTCGTCACC	0	0	0	0	0	0	0	0	0	0	0	0	0	0	0	0	0	0	0	0	0	0	0	0	0	0	0	0	0	153.920208291533	0	0	0	0	0	0	298.645998300943	0	0	0	0	0	0	0	0	0	0	0	0	0	0	0	0	0	0	0
TGCGATACCTTGTAGTTAAA	0	0	0	0	0	0	0	0	0	0	0	0	0	0	0	251.917026095869	0	0	0	0	0	0	197.639095510492	0	0	0	0	0	0	256.879074670141	0	0	0	0	0	0	230.910953324873	0	0	0	0	0	0	0	0	0	0	0	0	0	0	0	0	0	0	0
CTTTATGTTCATGTATCGTC	0	804.052386418394	0	0	0	0	0	0	1448.44957218192	0	0	0	0	0	0	1756.32768461744	0	0	0	0	0	0	1024.7953100544	0	0	0	0	0	0	504.432506365458	0	0	0	0	0	0	526.06094930447	0	0	0	0	0	0	341.939720285692	0	0	0	0	0	0	152.511773233565	0	0	0	0	0
GTCGTTATATGGCATCTCGA	0	0	0	0	0	0	0	0	0	0	0	0	0	0	0	0	0	0	0	0	0	0	0	0	0	0	0	0	0	48.1353894963117	0	0	0	0	0	0	64.2390426547243	0	0	0	0	0	0	0	0	0	0	0	0	0	0	0	0	0	0	0
AATAAGGCCTTTCCGTTGTA	0	0	0	0	0	0	0	0	0	0	0	0	0	0	0	136.511337532513	0	0	0	0	0	0	55.4379815838255	0	0	0	0	0	0	921.825678299229	0	0	0	0	0	0	784.328120793872	0	0	0	0	0	0	85.1675712355183	0	0	0	0	0	0	102.199771288618	0	0	0	0	0
CCGTAGTCATAGTTTGTAGT	0	228.005500338874	0	0	0	0	0	0	276.407271492316	0	0	0	0	0	0	182.352807093524	0	0	0	0	0	0	103.878936365809	0	0	0	0	0	0	432.653314983482	0	0	0	0	0	0	499.491331662244	0	0	0	0	0	0	0	0	0	0	0	0	0	0	0	0	0	0	0
TCTTGTTAATGTAGTGCTTG	0	0	0	0	0	0	0	0	0	0	0	0	0	0	0	0	0	0	0	0	0	0	0	0	0	0	0	0	0	221.272074220814	0	0	0	0	0	0	157.931904866785	0	0	0	0	0	0	0	0	0	0	0	0	0	0	0	0	0	0	0
TGTGATATGAGGTGTTGGGT	0	3872.64599991381	0	0	0	0	0	0	3418.2051451374	0	0	0	0	0	0	2941.87419851298	0	0	0	0	0	0	2877.71565374836	0	0	0	0	0	0	3272.92389050753	0	0	0	0	0	0	3455.44869441793	0	0	0	0	0	0	1110.9867320926	0	0	0	0	0	0	1153.79940030795	0	0	0	0	0
TTGAGGGGGTGGAAATTGAC	0	246.81007768641	0	0	0	0	0	0	429.233134911276	0	0	0	0	0	0	507.633069006186	0	0	0	0	0	0	131.00587104372	0	0	0	0	0	0	97.9663504425912	0	0	0	0	0	0	99.4612660422806	0	0	0	0	0	0	0	0	0	0	0	0	0	0	0	0	0	0	0
TACGGCCAATGGAGACGTAC	0	133.825908789965	0	0	0	0	0	0	89.6201050913653	0	0	0	0	0	0	270.658842380481	0	0	0	0	0	0	90.9613484239466	0	0	0	0	0	0	224.569018706863	0	0	0	0	0	0	161.253107072063	0	0	0	0	0	0	178.990383450256	0	0	0	0	0	0	85.8793232304132	0	0	0	0	0
TGTCTTCATGGGATACTTGG	0	1239.6134092307	0	0	0	0	0	0	1614.48260898276	0	0	0	0	0	0	1080.77807241264	0	0	0	0	0	0	1688.3287440014	0	0	0	0	0	0	2333.5773072253	0	0	0	0	0	0	2468.26503892799	0	0	0	0	0	0	420.529308377004	0	0	0	0	0	0	294.218284304456	0	0	0	0	0
TGGAGTACAGCGTCGGTGGC	0	1822.24189738185	0	0	0	0	0	0	1272.79416620284	0	0	0	0	0	0	3121.44105994258	0	0	0	0	0	0	2138.29139064293	0	0	0	0	0	0	668.14934970125	0	0	0	0	0	0	686.877056086365	0	0	0	0	0	0	5532.89164676923	0	0	0	0	0	0	5157.59925083516	0	0	0	0	0
GTAGCGATTCGGAACCTTGT	0	817.215590561669	0	0	0	0	0	0	780.921294680339	0	0	0	0	0	0	1599.89261445804	0	0	0	0	0	0	1908.57361841015	0	0	0	0	0	0	1504.63126501876	0	0	0	0	0	0	1399.88672952479	0	0	0	0	0	0	2466.62827586446	0	0	0	0	0	0	2970.0964369648	0	0	0	0	0
CGGTTCTCAGCTAGCGGTCG	0	0	0	0	0	0	0	0	0	0	0	0	0	0	0	155.675266796509	0	0	0	0	0	0	199.576733701772	0	0	0	0	0	0	362.287099809813	0	0	0	0	0	0	296.985397198304	0	0	0	0	0	0	0	0	0	0	0	0	0	0	0	0	0	0	0
GTTTATTTAATTTAATTGGT	0	232.001473025226	0	0	0	0	0	0	229.050121222984	0	0	0	0	0	0	105.02170927053	0	0	0	0	0	0	135.634673389554	0	0	0	0	0	0	95.7055885093007	0	0	0	0	0	0	83.3796553640912	0	0	0	0	0	0	171.027561749374	0	0	0	0	0	0	214.529475854741	0	0	0	0	0
TTGAATGTGAAACCATTGAA	0	200.817215590562	0	0	0	0	0	0	139.430016131619	0	0	0	0	0	0	70.9994031322472	0	0	0	0	0	0	158.025159155448	0	0	0	0	0	0	249.249003145285	0	0	0	0	0	0	141.937694246629	0	0	0	0	0	0	0	0	0	0	0	0	0	0	0	0	0	0	0
ACGCTGTTGGGCTTGGTCTC	0	1907.09755266261	0	0	0	0	0	0	284.142901615992	0	0	0	0	0	0	1214.41904168535	0	0	0	0	0	0	792.924606497977	0	0	0	0	0	0	90.9956678149453	0	0	0	0	0	0	52.1778346460822	0	0	0	0	0	0	2682.20147785355	0	0	0	0	0	0	2913.36881061077	0	0	0	0	0
TGTTTAGAGGTCTGTTTTTG	0	94.1012391432948	0	0	0	0	0	0	255.2757940813	0	0	0	0	0	0	233.259632407133	0	0	0	0	0	0	157.702219456902	0	0	0	0	0	0	36.6431830020846	0	0	0	0	0	0	38.7182257089019	0	0	0	0	0	0	1728.39392194357	0	0	0	0	0	0	1217.84308958463	0	0	0	0	0
CTAGAAACCAGCTATGTTTA	0	1473.96545442436	0	0	0	0	0	0	1982.01937681009	0	0	0	0	0	0	1259.83839826697	0	0	0	0	0	0	764.398266459698	0	0	0	0	0	0	137.529684275176	0	0	0	0	0	0	270.590579672145	0	0	0	0	0	0	0	0	0	0	0	0	0	0	0	0	0	0	0
CGTTATTTCAGAATATGTAA	0	3585.48443333581	0	0	0	0	0	0	4376.10256313501	0	0	0	0	0	0	3701.25544842328	0	0	0	0	0	0	3663.96617314304	0	0	0	0	0	0	2481.65721385583	0	0	0	0	0	0	2843.4734880664	0	0	0	0	0	0	424.568420833973	0	0	0	0	0	0	512.349514213422	0	0	0	0	0
TTGCGCACTATAATTGTTTA	0	114.472864603125	0	0	0	0	0	0	218.484382517476	0	0	0	0	0	0	0	0	0	0	0	0	0	0	0	0	0	0	0	0	309.441789619146	0	0	0	0	0	0	261.58837369468	0	0	0	0	0	0	0	0	0	0	0	0	0	0	0	0	0	0	0
CTTTTTGCAACGATAGTCCT	0	149.418037507297	0	0	0	0	0	0	467.722611624199	0	0	0	0	0	0	166.143668685211	0	0	0	0	0	0	314.973852649074	0	0	0	0	0	0	423.798664078094	0	0	0	0	0	0	353.0962344559	0	0	0	0	0	0	0	0	0	0	0	0	0	0	0	0	0	0	0
CGAGTTGGTTTGCCGAGACC	0	269.845684937142	0	0	0	0	0	0	88.2993877531768	0	0	0	0	0	0	0	0	0	0	0	0	0	0	0	0	0	0	0	0	236.626415684413	0	0	0	0	0	0	273.299981471188	0	0	0	0	0	0	142.984580976704	0	0	0	0	0	0	54.7016396985332	0	0	0	0	0
TGAGTCTATTGGATGTGCTA	0	1987.09535879525	0	0	0	0	0	0	1186.19284359877	0	0	0	0	0	0	2441.50147275219	0	0	0	0	0	0	1355.59320793226	0	0	0	0	0	0	425.494235528062	0	0	0	0	0	0	393.475061267441	0	0	0	0	0	0	0	0	0	0	0	0	0	0	0	0	0	0	0
TCGAGTTCAAAATCCTCTTT	0	2813.63488562508	0	0	0	0	0	0	2351.63155759743	0	0	0	0	0	0	1766.28955093089	0	0	0	0	0	0	1959.05985794959	0	0	0	0	0	0	1756.80041899454	0	0	0	0	0	0	2052.3281627459	0	0	0	0	0	0	801.129105036542	0	0	0	0	0	0	732.844395220472	0	0	0	0	0
TATGTGGTATGGGGTTGTCA	0	0	0	0	0	0	0	0	0	0	0	0	0	0	0	0	0	0	0	0	0	0	0	0	0	0	0	0	0	124.153509503207	0	0	0	0	0	0	42.6512283204156	0	0	0	0	0	0	0	0	0	0	0	0	0	0	0	0	0	0	0
AGAATAGGAGCTGGAGATTA	0	1376.10329981156	0	0	0	0	0	0	1196.75858230427	0	0	0	0	0	0	1484.06481291531	0	0	0	0	0	0	1779.93597182243	0	0	0	0	0	0	3285.92327162395	0	0	0	0	0	0	2642.80295482116	0	0	0	0	0	0	456.073497998331	0	0	0	0	0	0	271.257102208776	0	0	0	0	0
CATTTAGAATTTAATTCACC	0	0	0	37.8376428431141	0	0	0	0	0	0	60.6001671437168	0	0	0	0	0	0	809.253359660997	0	0	0	0	0	0	804.933437434359	0	0	0	0	79.4092629068312	0	216.489877910567	0	0	0	0	66.6862442796662	0	215.404335211695	0	0	0	0	0	0	103.023675991755	0	0	0	0	0	0	205.014646821619	0	0	0
TTAAGGCCAACTTTTTTATA	0	0	0	0	0	0	0	0	0	0	0	0	0	0	0	191.301602256447	0	0	0	0	0	0	106.462453954181	0	0	0	0	0	0	130.370604819756	0	0	0	0	0	0	144.472295929605	0	0	0	0	0	0	0	0	0	0	0	0	0	0	0	0	0	0	0
AATTCGTTGCTTCGCGTAGT	0	1082.04672153947	0	0	0	0	0	0	1055.06447930719	0	0	0	0	0	0	841.35559050651	0	0	0	0	0	0	895.5117840696	0	0	0	0	0	0	1055.68162443281	0	0	0	0	0	0	1142.05655832555	0	0	0	0	0	0	178.067157745806	0	0	0	0	0	0	304.235662767768	0	0	0	0	0
GTTTAGAAATGTGGGATGTA	0	857.410374642027	0	0	0	0	0	0	1161.85390979501	0	0	0	0	0	0	1368.4902791602	0	0	0	0	0	0	697.119162595832	0	0	0	0	0	0	628.962809524213	0	0	0	0	0	0	782.8423198073	0	0	0	0	0	0	177.605544893581	0	0	0	0	0	0	82.8403432471614	0	0	0	0	0
GGACTGTATCCTAGAATACG	0	1831.80089086685	0	0	0	0	0	0	2831.42929917078	0	0	0	0	0	0	4381.19503561367	0	0	0	0	0	0	4824.28851002082	0	0	0	0	0	0	662.874238523572	0	0	0	0	0	0	893.752993451988	0	0	0	0	0	0	22435.7694566932	0	0	0	0	0	0	20890.7362885725	0	0	0	0	0
AGTAGTCATTTTCTATAATG	0	248.377125798705	0	0	0	0	0	0	573.191324773827	0	0	0	0	0	0	334.904437842597	0	0	0	0	0	0	468.908442289599	0	0	0	0	0	0	831.395200967606	0	0	0	0	0	0	709.688471233145	0	0	0	0	0	0	129.82861468829	0	0	0	0	0	0	60.7795996650369	0	0	0	0	0
AACGATCAATATGTGAAGGG	0	1139.32233004384	0	0	0	0	0	0	1844.09875192212	0	0	0	0	0	0	3219.79338413885	0	0	0	0	0	0	2368.33210257426	0	0	0	0	0	0	544.655229095252	0	0	0	0	0	0	498.966931314042	0	0	0	0	0	0	7579.33682389585	0	0	0	0	0	0	8354.26852877351	0	0	0	0	0
AGCTGGTTTATCCTATCGTA	0	0	0	0	0	0	0	0	0	0	0	0	0	0	0	168.254233582127	0	0	0	0	0	0	115.827705212031	0	0	0	0	0	0	728.530533002885	0	0	0	0	0	0	613.373607280075	0	0	0	0	0	0	0	0	0	0	0	0	0	0	0	0	0	0	0
TGATCTACTCTAATCGATTG	0	388.627931849078	0	0	0	0	0	0	124.336103695178	0	0	0	0	0	0	129.673107266506	0	0	0	0	0	0	364.060686828151	0	0	0	0	0	0	77.6194930429761	0	0	0	0	0	0	76.0380504892655	0	0	0	0	0	0	0	0	0	0	0	0	0	0	0	0	0	0	0
AGATGTATGTCGGTGCGGGA	0	808.440121132819	0	0	0	0	0	0	476.778959086064	0	0	0	0	0	0	1369.41892771484	0	0	0	0	0	0	1066.56217773309	0	0	0	0	0	0	553.509880000641	0	0	0	0	0	0	540.656758996088	0	0	0	0	0	0	0	0	0	0	0	0	0	0	0	0	0	0	0
TTCGTGCGATGTGTTACATC	0	0	0	0	0	0	0	0	0	0	0	0	0	0	0	0	0	0	0	0	0	0	0	0	0	0	0	0	0	37.4909687270686	0	0	0	0	0	0	105.491870046602	0	0	0	0	0	0	0	0	0	0	0	0	0	0	0	0	0	0	0
GTCGTGTCACTCATGTCCGA	0	3107.76981630278	0	0	0	0	0	0	2655.7738931917	0	0	0	0	0	0	3877.61425120956	0	0	0	0	0	0	3276.76147458572	0	0	0	0	0	0	6046.78458424117	0	0	0	0	0	0	5363.7415615244	0	0	0	0	0	0	1116.29527989318	0	0	0	0	0	0	602.055701126449	0	0	0	0	0
CGTAGGGTCTTGGTGTTATT	0	0	0	0	0	0	0	0	0	0	0	0	0	0	0	0	0	0	0	0	0	0	0	0	0	0	0	0	0	75.2645326957985	0	0	0	0	0	0	71.7554476456172	0	0	0	0	0	0	0	0	0	0	0	0	0	0	0	0	0	0	0
TAAATGACTCATAGAAGTCA	0	1248.38887865955	0	0	0	0	0	0	1026.00869786704	0	0	0	0	0	0	2221.66503308944	0	0	0	0	0	0	1505.11428835932	0	0	0	0	0	0	830.264820000961	0	0	0	0	0	0	897.598596005468	0	0	0	0	0	0	636.333316792206	0	0	0	0	0	0	514.262946054729	0	0	0	0	0
ATGACTTAGATACCTGTTTA	0	308.316716093976	0	0	0	0	0	0	166.410384611756	0	0	0	0	0	0	303.077119197107	0	0	0	0	0	0	158.13280572163	0	0	0	0	0	0	0	0	0	0	0	0	0	0	0	0	0	0	0	0	0	0	0	0	0	0	0	0	0	0	0	0	0
ACGGGTGATTGTTCGTGGAA	0	0	0	0	0	0	0	0	0	0	0	0	0	0	0	32.9248123918863	0	0	0	0	0	0	139.509949772112	0	0	0	0	0	0	0	0	0	0	0	0	0	0	0	0	0	0	0	0	0	0	0	0	0	0	0	0	0	0	0	0	0
ATATTGTGTTGTGAGGGATA	0	0	0	0	0	0	0	0	0	0	0	0	0	0	0	53.0173902105246	0	0	0	0	0	0	82.7802093941005	0	0	0	0	0	0	0	0	0	0	0	0	0	0	0	0	0	0	0	0	0	0	0	0	0	0	0	0	0	0	0	0	0
GTTTCAAGGATGTGTTATAT	0	89.3217424007961	0	0	0	0	0	0	103.204626284162	0	0	0	0	0	0	179.313593641965	0	0	0	0	0	0	136.065259654282	0	0	0	0	0	0	0	0	0	0	0	0	0	0	0	0	0	0	0	0	947.575782404934	0	0	0	0	0	0	918.334729013029	0	0	0	0	0
TCACGTTTGTTTTTCGATTA	0	0	0	0	0	0	0	0	0	0	0	0	0	0	0	0	0	0	0	0	0	0	0	0	0	0	0	0	0	0	0	0	0	0	0	0	0	0	0	0	0	0	0	91.745554379725	0	0	0	0	0	0	171.195872389854	0	0	0	0	0
TGTTAAGGGCTGATATTTTG	0	0	0	0	304.999613171222	39258.9532427907	0	0	0	0	0	1070.30830127924	40107.0392141659	0	0	0	0	0	536.699431031761	51399.7263445953	0	0	0	0	0	148.524504918317	53174.7062754474	0	0	0	0	421.668894906267	0	65651.9420426859	0	0	0	0	60.5436876335751	0	67400.8881051505	0	0	52.2776555144848	0	161.060616991044	0	38366.6869322516	0	0	54.2514204417551	0	73.1319684756274	0	38333.3914966383	0
ATGGCTCTACTAGTTTGTGA	0	0	0	0	0	0	0	0	0	0	0	0	0	0	0	0	0	0	0	0	0	0	0	0	0	0	0	0	0	0	0	0	0	0	0	0	0	0	0	0	0	0	0	347.825284151561	0	0	0	0	0	0	162.529151696876	0	0	0	0	0
GGGTAGTAGCCAGAGTTTTG	0	0	0	0	0	0	0	0	0	0	0	0	0	0	0	0	0	0	0	0	0	0	0	0	0	0	0	0	0	0	0	0	0	0	0	0	0	0	0	0	0	0	0	76.2815238301865	0	0	0	0	0	0	56.2774070972564	0	0	0	0	0
GTGTTTGGGCTATGTTTCCT	0	0	0	0	0	0	0	0	0	0	0	0	0	0	0	0	0	0	0	0	0	0	0	0	0	0	0	0	0	0	0	0	0	0	0	0	0	0	0	0	0	0	0	240.038683157016	0	0	0	0	0	0	177.83660642733	0	0	0	0	0
ACTTTTATTCTACTTAATTT	0	0	0	0	0	0	0	0	0	0	0	0	0	0	0	0	0	0	0	0	0	0	0	0	0	0	0	0	0	0	0	0	0	0	0	0	0	0	0	0	0	0	0	141.830548846141	0	0	0	0	0	0	73.2731840406278	0	0	0	0	0
GGGTAGGGGCCTGGCGGTTC	0	0	0	0	0	0	0	0	0	0	0	0	0	0	0	0	0	0	0	0	0	0	0	0	0	0	0	0	0	0	0	0	0	0	0	0	0	0	0	0	0	0	0	91.5147479536125	0	0	0	0	0	0	130.788694094024	0	0	0	0	0
ATGTGTTGTGGGATGTAGGA	0	0	0	0	0	0	0	0	0	0	0	0	0	0	0	0	0	0	0	0	0	0	0	0	0	0	0	0	0	0	0	0	0	0	0	0	0	0	0	0	0	0	0	84.4751519571808	0	0	0	0	0	0	55.2644137695058	0	0	0	0	0
GACGTCGCATGTGTACTGTG	0	60.1746475121152	157.939601878014	19087.2470309074	42.947913009151	0	0	0	137.731950982519	57.1149003274005	19558.4220843921	68.8055336536651	0	0	0	0	504.866381643633	25194.9977438278	0	0	0	0	0	63.4962662234186	25162.2747395162	0	0	0	0	0	0	25589.0884878812	0	0	0	0	0	0	32335.4705343712	0	0	0	0	0	0	20144.006186284	0	0	0	0	0	0	23388.4206354719	0	0	0
AAGAGTACTTGAGTAGTTCA	0	45.836157284619	0	29967.7337897365	125.768946179223	0	0	0	107.921473920549	0	31022.1416099069	60.0194207327162	0	0	0	0	417.276246660133	17994.9244606391	0	0	0	0	0	50.421102007528	17947.2017565066	0	0	0	0	0	0	23554.1137978176	0	0	0	0	0	0	23186.370844713	0	0	0	0	0	0	25903.5241230221	0	0	0	0	0	0	26460.6170050212	0	0	0
GTATTATAAGTCACATTAAG	0	0	0	0	0	0	0	0	0	0	0	0	0	0	0	0	0	0	0	0	0	0	0	0	0	0	0	0	0	0	114.012570868805	0	0	0	0	0	0	94.2613100788011	0	0	0	0	0	0	0	0	0	0	0	0	0	0	0	0	0	0
TGTTATCCTTCCGTGTAGCT	0	0	0	0	0	0	0	0	0	0	0	0	0	0	0	0	0	0	0	0	0	0	0	0	0	0	0	0	0	0	169.216933487753	0	0	0	0	0	0	197.386251485084	0	0	0	0	0	0	71.7165088590982	0	0	0	0	0	0	83.311918542709	0	0	0	0
AAAGTATGTGATGGTGTCAC	0	0	3815.71190329502	0	0	0	0	0	0	3940.05447210762	0	0	0	0	0	0	1631.22817151253	0	0	0	0	0	0	1700.50682605292	0	0	0	0	0	0	873.441132000675	0	0	0	0	0	0	644.82917907433	0	0	0	0	0	0	2429.80688103497	0	0	0	0	0	0	2438.17679502433	0	0	0	0
TGTATGTTTGTTTGCCCTAG	0	0	316.476705402477	0	0	0	0	0	0	353.282414071015	0	0	0	0	0	0	397.706558844	0	0	0	0	0	0	297.378266135161	0	0	0	0	0	0	680.799201912004	0	0	0	0	0	0	511.107664143373	0	0	0	0	0	0	253.23427392894	0	0	0	0	0	0	223.140594120977	0	0	0	0
AAAGTGAGAGATCGCGTTCA	0	0	0	0	0	0	0	0	0	0	0	0	0	0	0	0	32.3531129218333	0	0	0	0	0	0	77.0617490974051	0	0	0	0	0	0	383.154315031804	0	0	0	0	0	0	127.670382005465	0	0	0	0	0	0	0	0	0	0	0	0	0	0	0	0	0	0
CTGGTGGTTCCTCATACTCA	0	0	1004.59943489622	0	0	0	0	0	0	828.439070523251	0	0	0	0	0	0	661.344974141183	0	0	0	0	0	0	540.167721668979	0	0	0	0	0	0	2781.51358240275	0	0	0	0	0	0	3177.18569478086	0	0	0	0	0	0	631.386519171276	0	0	0	0	0	0	969.106916352456	0	0	0	0
CCAGTCCTAGGTATCAGGCC	0	0	38.4392725882178	0	0	0	0	0	0	60.8279148802334	0	0	0	0	0	0	62.1811048351333	0	0	0	0	0	0	69.543529673268	0	0	0	0	0	0	135.308022324186	0	0	0	0	0	0	145.653326333337	0	0	0	0	0	0	0	0	0	0	0	0	0	0	0	0	0	0
GCGTCATTGCTTATGTGTGA	0	0	0	0	0	0	0	0	0	0	0	0	0	0	0	0	47.1881988469666	0	0	0	0	0	0	35.7932620410004	0	0	0	0	0	0	524.850972792604	0	0	0	0	0	0	421.022488055404	0	0	0	0	0	0	81.0912158995031	0	0	0	0	0	0	173.391215759579	0	0	0	0
AAAACGGGAAAATGTAGATC	0	0	2354.09009793716	0	0	0	0	0	0	1585.45721405966	0	0	0	0	0	0	1549.24064876672	0	0	0	0	0	0	1670.18878902732	0	0	0	0	0	0	5461.62805364488	0	0	0	0	0	0	5920.22390896369	0	0	0	0	0	0	1331.0912158995	0	0	0	0	0	0	1144.69295762798	0	0	0	0
GCGTAACGGCTGCGGGCTAC	0	0	111.068917167683	0	0	0	0	0	0	53.6202983953225	0	0	0	0	0	0	74.0176095626333	0	0	0	0	0	0	55.2425688121377	0	0	0	0	0	0	168.397877662546	0	0	0	0	0	0	215.795331934471	0	0	0	0	0	0	55.6623230524046	0	0	0	0	0	0	112.850611944789	0	0	0	0
GTCACGTGAATGTCCGTTGA	0	0	112.795033035202	0	0	0	0	0	0	241.34594593414	0	0	0	0	0	0	1123.75775882885	0	0	0	0	0	0	1192.61841604192	0	0	0	0	0	0	304.197333481855	0	0	0	0	0	0	89.1476766206383	0	0	0	0	0	0	0	0	0	0	0	0	0	0	0	0	0	0
CGCTTTACTGTACTGTGTCT	0	0	921.214760680674	0	0	0	0	0	0	744.022592601491	0	0	0	0	0	0	908.727922945933	0	0	0	0	0	0	761.056277141181	0	0	0	0	0	0	2421.29283047674	0	0	0	0	0	0	1564.43092930061	0	0	0	0	0	0	241.867441642449	0	0	0	0	0	0	302.52011694762	0	0	0	0
TGTATAAGTCAATTGCATTT	0	0	100.181109387946	0	243.801316804834	0	0	0	0	167.631686429369	0	145.142021239572	0	0	0	0	674.049489215366	0	776.064841865552	0	0	0	0	554.46868253011	0	831.455561814794	0	0	0	0	230.973742708356	0	7806.11368804201	0	0	0	0	173.266947007416	0	7241.13613770954	0	0	0	0	121.871191525265	0	1337.20912118691	0	0	0	0	42.890548624073	0	2310.39476189385	0	0
GTGACCCGGCCGCTCGCTCC	0	0	0	0	0	0	0	0	0	0	0	0	0	0	0	0	75.5958101929666	0	0	0	0	0	0	58.5930796424596	0	0	0	0	0	0	203.12584465132	0	0	0	0	0	0	252.613492833243	0	0	0	0	0	0	89.0597168838474	0	0	0	0	0	0	159.124849905943	0	0	0	0
CATCGACTTAGAAGAAGTTG	0	0	0	0	0	0	0	0	0	0	0	0	0	0	0	0	0	0	0	0	0	0	0	0	0	0	0	0	0	0	206.72969028223	0	0	0	0	0	0	59.8295114605049	0	0	0	0	0	0	0	0	0	0	0	0	0	0	0	0	0	0
ATGGATCTTTGATAGTTTGT	0	0	3044.86839030401	0	0	0	0	0	0	3357.22039362323	0	0	0	0	0	0	1217.89742642823	0	0	0	0	0	0	1239.93416654817	0	0	0	0	0	0	1024.47502616883	0	0	0	0	0	0	1025.88009893176	0	0	0	0	0	0	1169.49470329052	0	0	0	0	0	0	1577.89664383743	0	0	0	0
ATTTGTATTATACATGTTTG	0	0	78.0735484693336	0	0	0	0	0	0	109.206310377439	0	0	0	0	0	0	0	0	0	0	0	0	0	0	0	0	0	0	0	0	258.821640765391	0	0	0	0	0	0	214.346469121324	0	0	0	0	0	0	138.042561169963	0	0	0	0	0	0	137.359496872831	0	0	0	0
TGGAAGGGATTAGGCTAGAT	0	0	0	0	0	0	0	0	0	0	0	0	0	0	0	0	0	0	0	0	0	0	0	0	0	0	0	0	0	0	178.554169895112	0	0	0	0	0	0	52.0738340489579	0	0	0	0	0	0	0	0	0	0	0	0	0	0	0	0	0	0
AACGTGTTTTGTATGATTTG	0	0	2777.58598712583	0	0	0	0	0	0	2619.640973334	0	0	0	0	0	0	2256.19562112453	0	0	0	0	0	0	2510.75840855639	0	0	0	0	0	0	9488.10649036217	0	0	0	0	0	0	7185.59250818608	0	0	0	0	0	0	1934.70516546358	0	0	0	0	0	0	1485.71397216778	0	0	0	0
CCAGATTTTGTTGTTTACTA	0	0	168.893798729579	0	0	0	0	0	0	107.568215721777	0	0	0	0	0	0	66.6000666000666	0	0	0	0	0	0	70.6058867658091	0	0	0	0	0	0	477.673357260684	0	0	0	0	0	0	462.442919066523	0	0	0	0	0	0	139.683134902034	0	0	0	0	0	0	136.262084114859	0	0	0	0
GAGTAATTACGTTTTCATCC	0	0	0	0	0	0	0	0	0	0	0	0	0	0	0	0	0	0	0	0	0	0	0	0	0	0	0	0	0	0	103.037222811032	0	0	0	0	0	0	63.2386004326134	0	0	0	0	0	0	0	0	0	0	0	0	0	0	0	0	0	0
TGTATAATGTCATTATGTTC	0	0	417.58726179601	0	0	0	0	0	0	542.318537334361	0	0	0	0	0	0	1299.33257895343	0	0	0	0	0	0	1294.03265849142	0	0	0	0	0	0	1216.78933392742	0	0	0	0	0	0	1342.24355554343	0	0	0	0	0	0	859.074716415112	0	0	0	0	0	0	472.527643370118	0	0	0	0
TACGGTGAAGCTGATTGTCA	0	0	91.1521956193835	0	0	0	0	0	0	170.689463119937	0	0	0	0	0	0	61.8654647090666	0	0	0	0	0	0	76.3262711102612	0	0	0	0	0	0	80.1036597052382	0	0	0	0	0	0	245.028269870301	0	0	0	0	0	0	78.2788037873816	0	0	0	0	0	0	60.5406038147896	0	0	0	0
TCTGGTCTCTTGACCTAGAT	0	0	0	0	0	0	0	0	0	0	0	0	0	0	0	0	0	0	0	0	0	0	0	0	0	0	0	0	0	0	122.530751450957	0	0	0	0	0	0	177.357853773947	0	0	0	0	0	0	51.5608887222274	0	0	0	0	0	0	74.8069696684259	0	0	0	0
TCGGTATGAACAATTTGTGT	0	0	572.871300800918	0	0	0	0	0	0	609.808037147619	0	0	0	0	0	0	81.9086127142999	0	0	0	0	0	0	83.5993312053504	0	0	0	0	0	0	0	0	0	0	0	0	0	0	0	0	0	0	0	0	708.141933064592	0	0	0	0	0	0	899.78701047389	0	0	0	0
GCTCCTGTTTTCCGTGCATA	0	0	0	0	0	0	0	0	0	0	0	0	0	0	0	0	39.2182856637833	0	0	0	0	0	0	40.9416079510074	0	0	0	0	0	0	0	0	0	0	0	0	0	0	0	0	0	0	0	0	61.6386987906628	0	0	0	0	0	0	50.8467911193702	0	0	0	0
GCAGCACCTCTGATTGGTGC	0	0	364.542393405706	0	0	0	0	0	0	453.861425928636	0	0	0	0	0	0	123.494199323583	0	0	0	0	0	0	99.1260887117204	0	0	0	0	0	0	0	0	0	0	0	0	0	0	0	0	0	0	0	0	1066.37292584607	0	0	0	0	0	0	1178.89565525144	0	0	0	0
CGGAAGTGTTTCGGCATTTT	0	0	248.627073994604	0	0	0	0	0	0	338.867181101193	0	0	0	0	0	0	100.61029018375	0	0	0	0	0	0	87.0315618120216	0	0	0	0	0	0	0	0	0	0	0	0	0	0	0	0	0	0	0	0	1014.22611793381	0	0	0	0	0	0	1075.37305174941	0	0	0	0
GTTCGTGTTTAAGAAGGTAA	0	0	553.48569182724	0	0	0	0	0	0	553.348374682483	0	0	0	0	0	0	136.435444492317	0	0	0	0	0	0	89.3197155498025	0	0	0	0	0	0	0	0	0	0	0	0	0	0	0	0	0	0	0	0	800.131245898566	0	0	0	0	0	0	715.238765008263	0	0	0	0
TTTTTGGCGCAAGGTTACAT	0	0	40.5637228867031	0	0	0	0	0	0	123.184718105751	0	0	0	0	0	0	380.504171973366	0	0	0	0	0	0	341.75210469284	0	0	0	0	0	0	0	0	0	0	0	0	0	0	0	0	0	0	0	0	0	0	0	0	0	0	0	0	0	0	0	0
AGGCGTGTGATGGTTTAGTG	0	0	252.676807376091	0	0	0	0	0	0	200.83040478411	0	0	0	0	0	0	111.342054470017	0	0	0	0	0	0	70.8510460948571	0	0	0	0	0	0	0	0	0	0	0	0	0	0	0	0	0	0	0	0	377.214774538296	0	0	0	0	0	0	423.875677766692	0	0	0	0
AATTGCGTTGGCCGTGTGCT	0	0	400.458881264473	0	0	0	0	0	0	487.715382145642	0	0	0	0	0	0	223.867759412783	0	0	0	0	0	0	234.944357004284	0	0	0	0	0	0	0	0	0	0	0	0	0	0	0	0	0	0	0	0	1148.75316396363	0	0	0	0	0	0	1391.15357285586	0	0	0	0
GCTTGACTTATCTATAGCAT	0	0	413.139193983557	0	0	0	0	0	0	419.243025538988	0	0	0	0	0	0	75.4379901299333	0	0	0	0	0	0	87.7670397991655	0	0	0	0	0	0	0	0	0	0	0	0	0	0	0	0	0	0	0	0	477.641323708634	0	0	0	0	0	0	569.282868197984	0	0	0	0
TTGATATCACCTTTGAACTT	0	0	940.334813367041	0	0	0	0	0	0	864.695565568561	0	0	0	0	0	0	412.778374863683	0	0	0	0	0	0	376.156130535902	0	0	0	0	0	0	0	0	0	0	0	0	0	0	0	0	0	0	0	0	441.43151776507	0	0	0	0	0	0	539.927076922233	0	0	0	0
CTGCGTAGCAAACTCATCTT	0	0	175.731873127828	0	0	0	0	0	0	55.5860119821164	0	0	0	0	0	0	0	0	0	0	0	0	0	0	0	0	0	0	0	0	0	0	0	0	0	0	0	0	0	0	0	0	0	0	760.054373300834	0	0	0	0	0	0	717.799394776864	0	0	0	0
TAGTTTCAACAGAATTCCCT	0	0	170.487136453443	0	0	0	0	0	0	246.260229901125	0	0	0	0	0	0	0	0	0	0	0	0	0	0	0	0	0	0	0	0	0	0	0	0	0	0	0	0	0	0	0	0	0	0	779.506890409675	0	0	0	0	0	0	865.035606471443	0	0	0	0
GGCATTATATGGTAGTTATA	0	0	195.714983747955	0	0	0	0	0	0	189.472948504856	0	0	0	0	0	0	0	0	0	0	0	0	0	0	0	0	0	0	0	0	0	0	0	0	0	0	0	0	0	0	0	0	0	0	428.892847098528	0	0	0	0	0	0	525.935064258089	0	0	0	0
TATGCTAGGGTCATGTTCGT	0	0	0	0	0	0	0	0	0	0	0	0	0	0	0	0	0	0	0	0	0	0	0	0	0	0	0	0	0	0	0	0	0	0	0	0	0	0	0	0	0	0	0	0	86.3644886097309	0	0	0	0	0	0	125.470858661467	0	0	0	0
GGGGAGTCAGACCAGGATAA	0	0	0	0	0	0	0	0	0	0	0	0	0	0	0	0	0	0	0	0	0	0	0	0	0	0	0	0	0	0	0	0	0	0	0	0	0	0	0	0	0	0	0	0	49.8031311521515	0	0	0	0	0	0	77.4590505001916	0	0	0	0
TTCCATTATGTACTCTTTAA	0	0	0	0	0	0	0	0	0	0	0	0	0	0	0	0	0	0	0	0	0	0	0	0	0	0	0	0	0	0	0	0	0	0	0	0	0	0	0	0	0	0	0	0	57.5372644604856	0	0	0	0	0	0	74.1668122262755	0	0	0	0
TATGTGAAGACTTTCGTAGA	0	0	0	84.8140384068108	65463.529981214	0	0	0	0	0	52.4966564210105	63558.9690808699	0	0	0	0	0	132.910597902608	25130.0260109645	37.1329333754342	0	0	0	0	240.964810418557	24515.1016163279	91.7541783846349	0	0	0	0	0	15096.6467572779	0	0	0	0	0	0	14897.4910150641	0	0	0	0	74.7632886472298	0	24594.0392626033	0	0	0	0	124.46489696666	0	42998.7810090212	0	0
GGATTAATATTAGTTGGGAT	0	0	126.736738119012	0	0	0	0	0	0	96.2107594425236	0	0	0	0	0	0	0	0	0	0	0	0	0	0	0	0	0	0	0	0	0	0	0	0	0	0	0	0	0	0	0	0	0	0	636.659791881504	0	0	0	0	0	0	644.638544245396	0	0	0	0
TTATTCTTTTGCCTCGTCGT	0	0	37.6426037262858	0	0	0	0	0	0	57.8793445000426	0	0	0	0	0	0	0	0	0	0	0	0	0	0	0	0	0	0	0	0	0	0	0	0	0	0	0	0	0	0	0	0	0	0	0	0	0	0	0	0	0	0	0	0	0	0
GTTCATGGTTCTATTTTATG	0	0	32.3314779800727	0	0	0	0	0	0	77.3180677472267	0	0	0	0	0	0	0	0	0	0	0	0	0	0	0	0	0	0	0	0	0	0	0	0	0	0	0	0	0	0	0	0	0	0	0	0	0	0	0	0	0	0	0	0	0	0
TATCTATTTGCGTGACATCG	0	0	209.988634190903	0	0	0	0	0	0	78.1917182302462	0	0	0	0	0	0	0	0	0	0	0	0	0	0	0	0	0	0	0	0	0	0	0	0	0	0	0	0	0	0	0	0	0	0	0	0	0	0	0	0	0	0	0	0	0	0
ATTTGATAGTACGTTGTTAT	0	0	0	7755.4341508776	0	0	0	0	0	0	6976.27714852255	0	0	0	0	0	0	3575.60891205	0	0	0	0	0	0	3506.19652107055	0	0	0	0	0	0	730.832426579317	0	0	0	0	0	0	470.432430851219	0	0	0	0	0	0	1080.81644034151	0	0	0	0	0	0	861.976687652954	0	0	0
AATGTATTAGGGTATACGAT	0	0	0	0	0	0	0	0	0	0	0	0	0	0	0	0	0	0	0	0	0	0	0	0	0	0	0	0	0	0	0	39.5126074626044	0	0	0	0	0	0	81.9954773953981	0	0	0	0	0	0	0	0	0	0	0	0	0	0	0	0	0
GGTGCAGTGTCTTGATGGGT	0	0	0	0	0	0	0	0	0	0	0	0	0	0	0	0	0	204.497416428327	0	0	0	0	0	0	231.532306326515	0	0	0	0	0	0	111.298871402298	0	0	0	0	0	0	102.294898285718	0	0	0	0	0	0	0	0	0	0	0	0	0	0	0	0	0
ATTTTAGTTTAATACTTTAA	0	0	0	0	0	0	0	0	0	0	0	0	0	0	0	0	0	0	0	0	0	0	0	0	0	0	0	0	0	0	0	96.5947522129699	0	0	0	0	0	0	69.4967073275591	0	0	0	0	0	0	42.3929052271344	0	0	0	0	0	0	75.5833193742518	0	0	0
GTTCTTATTGCCGCCTGTTC	0	0	0	2874.77904660363	0	0	0	0	0	0	3397.97820930734	0	0	0	0	0	0	1581.94994351088	0	0	0	0	0	0	1459.818721539	0	0	0	0	0	0	4745.81102266018	0	0	0	0	0	0	4899.16329155553	0	0	0	0	0	0	4311.59352742205	0	0	0	0	0	0	4036.80294815801	0	0	0
CATAGCATTTTGGATTATTT	0	0	0	668.571909558414	0	0	0	0	0	0	517.990498457514	0	0	0	0	0	0	1263.96536690789	0	0	0	0	0	0	1385.94398360805	0	0	0	0	0	0	313.914093257294	0	0	0	0	0	0	434.886283353323	0	0	0	0	0	0	179.54165406903	0	0	0	0	0	0	186.711226778557	0	0	0
CTGGTGCGTTGACGGCCGAA	0	0	0	0	0	0	0	0	0	0	0	0	0	0	0	0	0	0	0	0	0	0	0	0	0	0	0	0	0	0	0	155.637446188579	0	0	0	0	0	0	111.247917979702	0	0	0	0	0	0	134.798090617064	0	0	0	0	0	0	52.9491794102867	0	0	0
TGTTGGTATGATTGCTCAGC	0	0	0	566.522504178574	0	0	0	0	0	0	507.843493726473	0	0	0	0	0	0	1490.26113921431	0	0	0	0	0	0	1231.37774008299	0	0	0	0	0	0	4729.07094850618	0	0	0	0	0	0	5697.40034446965	0	0	0	0	0	0	1105.53888029232	0	0	0	0	0	0	1065.76565902526	0	0	0
GACTGTGTTTGGGTCACGTT	0	0	0	0	0	0	0	0	0	0	0	0	0	0	0	0	0	58.185494678487	0	0	0	0	0	0	92.6604813747677	0	0	0	0	0	0	198.618717665076	0	0	0	0	0	0	85.2752964912141	0	0	0	0	0	0	445.97660527666	0	0	0	0	0	0	334.037415785883	0	0	0
ATATTTGATGTTCCTATTAA	0	0	0	14577.5130567925	0	0	0	0	0	0	13698.0335950415	0	0	0	0	0	0	12798.433911117	0	0	0	0	0	0	13086.2122947539	0	0	0	0	0	0	3601.00108659671	0	0	0	0	0	0	2316.88193803624	0	0	0	0	0	0	16186.0651359288	0	0	0	0	0	0	14712.9263818469	0	0	0
TTATTGTTGAACATGCTTAA	0	0	0	0	0	0	0	0	0	0	0	0	0	0	0	0	0	0	0	0	0	0	0	0	0	0	0	0	0	0	0	31.5195990827646	0	0	0	0	0	0	44.7650984699201	0	0	0	0	0	0	0	0	0	0	0	0	0	0	0	0	0
ACTGTAAACAGGGCATGACG	0	0	0	7505.48124751991	150.863223295424	0	0	0	0	0	6682.93006036059	54.2000472396201	0	0	0	0	0	1472.70370860433	0	0	0	0	0	0	1456.09327874635	0	0	0	0	0	0	564.487365391329	0	0	0	0	0	0	731.842877163683	0	0	0	0	0	0	945.126720742613	0	0	0	0	0	0	1452.26198404171	0	0	0
AGCACATTCTTTAGTACCAC	0	0	0	935.19902840629	0	0	0	0	0	0	1052.46987960297	0	0	0	0	0	0	2306.7240718311	0	0	0	0	0	0	2161.86652610386	0	0	0	0	0	0	11896.6881045184	0	0	0	0	0	0	11716.1343165699	0	0	0	0	0	0	2376.02912222369	0	0	0	0	0	0	1784.17489571545	0	0	0
GGGCAATTTGTTCCTAATTG	0	0	0	1353.97836360211	0	0	0	0	0	0	1979.30011034868	0	0	0	0	0	0	310.435729625747	0	0	0	0	0	0	490.569477526465	0	0	0	0	0	0	193.566533123102	0	0	0	0	0	0	209.731134613527	0	0	0	0	0	0	601.930619917208	0	0	0	0	0	0	362.309662816684	0	0	0
ACTGGTGTAAATTACCTCTA	0	0	0	0	0	0	0	0	0	0	0	0	0	0	0	0	0	0	0	0	0	0	0	0	0	0	0	0	0	0	0	55.9510586588788	0	0	0	0	0	0	56.3774309442954	0	0	0	0	0	0	94.1073861734283	0	0	0	0	0	0	121.178446088665	0	0	0
TAGATATTCGTGGCCTGCTC	0	0	0	2602.21975493713	0	0	0	0	0	0	2302.87681677187	0	0	0	0	0	0	1108.32340956821	0	0	0	0	0	0	946.817322516338	0	0	0	0	0	0	7006.47509084506	0	0	0	0	0	0	4126.63292885186	0	0	0	0	0	0	4851.02906143081	0	0	0	0	0	0	3954.84611644734	0	0	0
CTTATTGTATTTATGTACAT	0	0	0	5739.1367085259	0	0	0	0	0	0	4404.5047063781	0	0	0	0	0	0	6741.96853572725	0	0	0	0	0	0	5889.13240778538	0	0	0	0	0	0	735.582988163561	0	0	0	0	0	0	464.847874012398	0	0	0	0	0	0	4232.64383393978	0	0	0	0	0	0	4283.40884855963	0	0	0
ATTTTATCAAGCTGTTGGTT	0	0	0	80.7256490318133	0	0	0	0	0	0	77.7232376273484	0	0	0	0	0	0	666.249359620285	0	0	0	0	0	0	953.792619660034	0	0	0	0	0	0	952.676111989588	0	0	0	0	0	0	1000.96533053928	0	0	0	0	0	0	457.081438959485	0	0	0	0	0	0	308.298231350327	0	0	0
TCGTCAGGTTTATAAATTGA	0	0	0	449.562502254627	0	0	0	0	0	0	218.653858891806	0	0	0	0	0	0	627.063210142936	0	0	0	0	0	0	676.603822938423	0	0	0	0	0	0	2193.55296009	0	0	0	0	0	0	2211.66179569209	0	0	0	0	0	0	538.057561945923	0	0	0	0	0	0	648.954294562495	0	0	0
CGTGTAGTGGTCCCAGAGGA	0	0	0	227.987831029272	0	0	0	0	0	0	127.612677554966	0	0	0	0	0	0	174.641302540823	0	0	0	0	0	0	127.299172872435	0	0	0	0	0	0	687.775749363387	0	0	0	0	0	0	684.507109672718	0	0	0	0	0	0	311.178514659596	0	0	0	0	0	0	249.465809783341	0	0	0
ACCACCTGAGAGAATTGCTC	0	0	0	48.1788630269313	0	0	0	0	0	0	109.644023343748	0	0	0	0	0	0	234.014256294381	0	0	0	0	0	0	251.031432432754	0	0	0	0	0	0	399.650418991991	0	0	0	0	0	0	189.874932519938	0	0	0	0	0	0	344.574072888238	0	0	0	0	0	0	105.734935427332	0	0	0
CCTTATAGCGCTGTACTGCA	0	0	0	0	0	0	0	0	0	0	0	0	0	0	0	0	0	0	0	0	0	0	0	0	0	0	0	0	0	0	0	112.354551754352	0	0	0	0	0	0	75.9677017598446	0	0	0	0	0	0	0	0	0	0	0	0	0	0	0	0	0
CGGGTGATGACTCAGGGTAA	0	0	0	42.7276771936013	0	0	0	0	0	0	57.9224853396921	0	0	0	0	0	0	2010.79230662229	0	0	0	0	0	0	1860.10565989878	0	0	0	0	0	0	473.171014938631	0	0	0	0	0	0	351.649793327075	0	0	0	0	0	0	164.302904197708	0	0	0	0	0	0	262.049411062947	0	0	0
GTGTATTCTGTCTCTCGTGA	0	0	0	118.082304889634	0	0	0	0	0	0	371.422652342478	0	0	0	0	0	0	103.563395047278	0	0	0	0	0	0	160.986687486872	0	0	0	0	0	0	445.421702827489	0	0	0	0	0	0	310.253157712317	0	0	0	0	0	0	559.86194341074	0	0	0	0	0	0	408.640194800685	0	0	0
TGGGTAATGTTTTGATCCAG	0	0	0	806.134187352447	0	0	0	0	0	0	1049.15801000326	0	0	0	0	0	0	3454.5729048981	0	0	0	0	0	0	3625.80701413687	0	0	0	0	0	0	1023.1050726195	0	0	0	0	0	0	593.381325064643	0	0	0	0	0	0	1667.83253910806	0	0	0	0	0	0	1939.42711929499	0	0	0
GTCAATTTAGATTTTGACAC	0	0	0	122.331023259729	0	0	0	0	0	0	95.128169353509	0	0	0	0	0	0	66.7521637200718	0	0	0	0	0	0	73.3198847490677	0	0	0	0	0	0	455.978506348032	0	0	0	0	0	0	235.349181064629	0	0	0	0	0	0	150.036840488386	0	0	0	0	0	0	216.209149258671	0	0	0
CACCTCGGGCTTTATATGCA	0	0	0	0	0	0	0	0	0	0	0	0	0	0	0	0	0	0	0	0	0	0	0	0	0	0	0	0	0	0	0	32.9523081319812	0	0	0	0	0	0	86.3390216033706	0	0	0	0	0	0	0	0	0	0	0	0	0	0	0	0	0
AAAATGACAGTCTTAGAATA	0	0	0	778.717929190699	0	0	0	0	0	0	823.387154737594	0	0	0	0	0	0	743.179743983823	0	0	0	0	0	0	612.954236502206	0	0	0	0	0	0	625.11357989502	0	0	0	0	0	0	543.829463590019	0	0	0	0	0	0	1102.62082180633	0	0	0	0	0	0	683.845189019582	0	0	0
ATGAGCGGCGTACAACCTTT	0	0	0	0	0	0	0	0	0	0	0	0	0	0	0	0	0	41.8155231435774	0	0	0	0	0	0	36.3825157835914	0	0	0	0	0	0	1286.19569749932	0	0	0	0	0	0	1149.53227120381	0	0	0	0	0	0	156.926700802547	0	0	0	0	0	0	79.2603457221884	0	0	0
GGCTACATGTTTTGTCCATG	0	0	0	0	0	0	0	0	0	0	0	0	0	0	0	0	0	154.963409296787	0	0	0	0	0	0	240.489221976942	0	0	0	0	0	0	545.560524793784	0	0	0	0	0	0	742.214197007209	0	0	0	0	0	0	393.532609708867	0	0	0	0	0	0	545.180439854063	0	0	0
GCCATGCTCTGGTGCAAGAG	0	0	0	1047.3491604773	0	0	0	0	0	0	1803.91195218506	0	0	0	0	0	0	10680.1765582008	0	0	0	0	0	0	10968.9718174216	0	0	0	0	0	0	637.253903943645	0	0	0	0	0	0	537.181181639041	0	0	0	0	0	0	1198.18723722275	0	0	0	0	0	0	1158.75356977975	0	0	0
GGTGCCAGAAGGGGTCGGGG	0	0	0	1081.57940093071	0	0	0	0	0	0	1361.53073203593	0	0	0	0	0	0	1842.00348095146	0	0	0	0	0	0	1559.61302953801	0	0	0	0	0	0	93.2014939385096	0	0	0	0	0	0	58.0616623718765	0	0	0	0	0	0	945.532006643446	0	0	0	0	0	0	1384.44127584643	0	0	0
TCCGTATCAGTTTTGTAACG	0	0	0	549.206972707997	0	0	0	0	0	0	678.369545456467	0	0	0	0	0	0	1467.95387230404	0	0	0	0	0	0	1577.20980187778	0	0	0	0	0	0	4586.10166654225	0	0	0	0	0	0	3263.42000033685	0	0	0	0	0	0	1484.07591167037	0	0	0	0	0	0	1468.11405318614	0	0	0
CGGACTATCGTGCAATCATT	0	0	0	0	0	0	0	0	0	0	0	0	0	0	0	0	0	43.7663487669086	0	0	0	0	0	0	34.0045735755135	0	0	0	0	0	0	0	0	0	0	0	0	0	0	0	0	0	0	0	0	0	0	0	0	0	0	0	0	0	0	0
TATTGCCTTAAGACGTTCTT	0	0	0	67.4183424386842	1001.09303926411	0	0	0	0	0	42.8429088643951	1379.07741250116	0	0	0	0	0	66.4977082039851	19952.3804584706	0	0	0	0	0	317.058961077049	21421.2202625991	0	0	0	0	0	0	29769.6949280823	0	0	0	0	0	0	29240.2525128083	0	0	0	0	0	0	4551.55825988341	0	0	0	0	0	0	6934.18633734687	0	0
ACATGTTATGTTCTCTAAGA	0	0	0	0	0	0	0	0	0	0	0	0	0	0	0	0	0	36.4719573057571	0	0	0	0	0	0	39.2360464332848	0	0	0	0	0	0	0	0	0	0	0	0	0	0	0	0	0	0	0	0	130.258888527734	0	0	0	0	0	0	34.0737774908789	0	0	0
TCGCTTTCACTGCTCAAGCA	0	0	0	75.0339697058364	1465.78350681116	0	0	0	0	0	45.0977988046265	1752.54426432279	0	0	0	0	0	51.9089252816823	21805.7625177046	0	0	0	0	0	296.133069645964	23311.8472938424	0	0	0	0	0	0	26543.8708357897	0	0	0	0	0	0	28532.2480606982	0	0	0	0	0	0	5412.55019986478	0	0	0	0	0	0	10862.1339373251	0	0
CACGGATTTTAGTTTGATGT	0	0	0	0	0	0	0	0	0	0	0	0	0	0	0	0	0	51.2303772387844	0	0	0	0	0	0	36.3032510433221	0	0	0	0	0	0	0	0	0	0	0	0	0	0	0	0	0	0	0	0	38.0158174981377	0	0	0	0	0	0	178.213210329993	0	0	0
GAGGTCTGATATCCGGTATT	0	0	0	0	0	0	0	0	0	0	0	0	0	0	0	0	0	0	0	0	0	0	0	0	0	0	0	0	0	0	0	0	0	0	0	0	0	0	0	0	0	0	0	0	0	1125.39788943314	0	0	0	0	0	0	733.85274735152	0	0	0
AATGTGTAAGAGATTCGTGA	0	0	0	0	0	0	0	0	0	0	0	0	0	0	0	0	0	0	0	0	0	0	0	0	0	0	0	0	0	0	0	0	0	0	0	0	0	0	0	0	0	0	0	0	0	183.189227176527	0	0	0	0	0	0	47.4744957366922	0	0	0
CTCGAACGGATGCTGAAATT	0	0	0	198.407131433702	0	0	0	0	0	0	335.908135783835	0	0	0	0	0	0	0	0	0	0	0	0	0	0	0	0	0	0	0	0	0	0	0	0	0	0	0	0	0	0	0	0	0	0	3935.2450399085	0	0	0	0	0	0	3646.95644358012	0	0	0
ATGATTTCACTTGAGTCACC	0	0	0	0	0	0	0	0	0	0	0	0	0	0	0	0	0	0	0	0	0	0	0	0	0	0	0	0	0	0	0	0	0	0	0	0	0	0	0	0	0	0	0	0	0	47.5805647577971	0	0	0	0	0	0	34.8091827604662	0	0	0
GACTTTAAGTGGCTTAATCC	0	0	0	48.0986985293823	0	0	0	0	0	0	42.2791863793373	0	0	0	0	0	0	0	0	0	0	0	0	0	0	0	0	0	0	0	0	0	0	0	0	0	0	0	0	0	0	0	0	0	0	136.743462941063	0	0	0	0	0	0	263.520221602121	0	0	0
CTTGATTCGTGGCGTTGACG	0	0	0	0	0	0	0	0	0	0	0	0	0	0	0	0	0	0	0	0	0	0	0	0	0	0	0	0	0	0	0	0	0	0	0	0	0	0	0	0	0	0	0	0	0	85.8395537964346	0	0	0	0	0	0	211.878429337768	0	0	0
CTGATTAGGTCTCATGGTGT	0	0	0	82.1686099876948	0	0	0	0	0	0	49.6075786850891	0	0	0	0	0	0	0	0	0	0	0	0	0	0	0	0	0	0	0	0	0	0	0	0	0	0	0	0	0	0	0	0	0	0	38.8263892998038	0	0	0	0	0	0	150.186098389054	0	0	0
TCATGGGAAAGTACTTTGGT	0	0	0	74.3926537254446	0	0	0	0	0	0	75.5388129977493	0	0	0	0	0	0	0	0	0	0	0	0	0	0	0	0	0	0	0	0	0	0	0	0	0	0	0	0	0	0	0	0	0	0	77.4096070591077	0	0	0	0	0	0	189.97969464339	0	0	0
CTTATGACACCCTAGTGTCC	0	0	0	0	0	0	0	0	0	0	0	0	0	0	0	0	0	0	0	0	0	0	0	0	0	0	0	0	0	0	0	0	0	0	0	0	0	0	0	0	0	0	0	0	0	198.590091408182	0	0	0	0	0	0	82.038543407296	0	0	0
TGCACAACAAATGTGTTGAG	0	0	0	0	0	0	0	0	0	0	0	0	0	0	0	0	0	0	0	0	0	0	0	0	0	0	0	0	0	0	0	0	0	0	0	0	0	0	0	0	0	0	0	0	0	162.033303153043	0	0	0	0	0	0	336.897325167611	0	0	0
TCCTGTAATTCTTATTCTGA	0	0	0	0	0	0	0	0	0	0	0	0	0	0	0	0	0	0	0	0	0	0	0	0	0	0	0	0	0	0	0	0	0	0	0	0	0	0	0	0	0	0	0	0	0	57.5505979182895	0	0	0	0	0	0	107.450881056369	0	0	0
ATTACGCTTCGCTCTGTCTA	0	0	0	0	0	0	0	0	0	0	0	0	0	0	0	0	0	0	0	0	0	0	0	0	0	0	0	0	0	0	0	0	0	0	0	0	0	0	0	0	0	0	0	0	0	113.804280953913	0	0	0	0	0	0	85.1435878788869	0	0	0
GGCACTTTTTGATAGATTTC	0	0	0	0	0	0	0	0	0	0	0	0	0	0	0	0	0	0	0	0	0	0	0	0	0	0	0	0	0	0	0	0	0	0	0	0	0	0	0	0	0	0	0	0	0	44.9056778122991	0	0	0	0	0	0	101.812773989533	0	0	0
TGTTCTGAACTAAGAGGTCA	0	0	0	0	79.8454271879135	99.079315092353	19725.3044386748	0	0	0	0	66.2952156762511	50.7314401294765	21899.2493932127	0	0	0	0	0	270.203136511946	25505.7703988662	0	0	0	0	0	150.739007346186	26527.8129463627	0	0	0	0	177.729848442922	0	26353.348497353	0	0	0	0	35.0901042507456	0	27753.296790424	0	0	0	0	59.2740063620248	0	19510.265493053	0	0	0	0	232.42199998262	0	20708.6905921969
CCAGAACAGTGTTCGTGGAG	0	0	0	0	0	0	0	0	0	0	0	0	0	0	0	0	0	0	0	0	0	0	0	0	0	0	0	0	0	0	0	0	86.1853049680141	0	0	0	0	0	0	111.047860183352	0	0	0	0	0	0	0	0	0	0	0	0	0	0	0	0
AAAAGTGGTGCTTTATAACC	0	0	0	0	4657.71604387233	0	0	0	0	0	0	4761.7308870665	0	0	0	0	0	0	6473.00771800749	0	0	0	0	0	0	6303.02898990337	0	0	0	0	0	0	459.035183947659	0	0	0	0	0	0	430.682175416536	0	0	0	0	0	0	915.203120570027	0	0	0	0	0	0	1703.9803255014	0	0
CGGTTCTCGTATGGTTTCCG	0	0	0	0	365.701975207251	0	0	0	0	0	0	391.267288388752	0	0	0	0	0	0	3297.52648059089	0	0	0	0	0	0	3304.04731984227	0	0	0	0	0	0	3388.24183071587	0	0	0	0	0	0	3272.30090826444	0	0	0	0	0	0	700.850866288435	0	0	0	0	0	0	1384.73583130366	0	0
CTGTACTCAGTTGTCACTTT	0	0	0	0	0	0	0	0	0	0	0	0	0	0	0	0	0	0	0	0	0	0	0	0	0	0	0	0	0	0	0	0	80.9354386755462	0	0	0	0	0	0	77.317178857575	0	0	0	0	0	0	0	0	0	0	0	0	0	0	0	0
TAACGAATTGTCCCTCATGA	0	0	0	0	0	0	0	0	0	0	0	0	0	0	0	0	0	0	583.9501861795	0	0	0	0	0	0	896.130346232179	0	0	0	0	0	0	1819.73490362667	0	0	0	0	0	0	1625.52996253091	0	0	0	0	0	0	442.101524455785	0	0	0	0	0	0	614.393573713404	0	0
GGCTTAAGTTCATGTTTGTC	0	0	0	0	4720.4021432298	0	0	0	0	0	0	4021.5293998172	0	0	0	0	0	0	3565.58808174611	0	0	0	0	0	0	2944.05685314382	0	0	0	0	0	0	166.683254785855	0	0	0	0	0	0	153.274934790182	0	0	0	0	0	0	1105.48748002131	0	0	0	0	0	0	1335.83398970296	0	0
TCCGTGATAGACTTTCGATC	0	0	0	0	398.136080412776	0	0	0	0	0	0	85.6931273199046	0	0	0	0	0	0	448.882173903523	0	0	0	0	0	0	307.448975170083	0	0	0	0	0	0	194.57316946459	0	0	0	0	0	0	289.217227287017	0	0	0	0	0	0	1642.77012901638	0	0	0	0	0	0	4743.55763662693	0	0
CATGTTATGCGTGGTGTCAT	0	0	0	0	0	0	0	0	0	0	0	0	0	0	0	0	0	0	238.558690623952	0	0	0	0	0	0	222.190926030247	0	0	0	0	0	0	760.246262478003	0	0	0	0	0	0	729.755218909573	0	0	0	0	0	0	361.48576021834	0	0	0	0	0	0	421.314250818257	0	0
ACATAATTGGAGTATGGTAG	0	0	0	0	0	0	0	0	0	0	0	0	0	0	0	0	0	0	0	0	0	0	0	0	0	0	0	0	0	0	0	0	43.092652484007	0	0	0	0	0	0	69.5004970390069	0	0	0	0	0	0	0	0	0	0	0	0	0	0	0	0
ACTGTTCTCACCCATTCTTA	0	0	0	0	5391.50047907256	0	0	0	0	0	0	6023.73619753008	0	0	0	0	0	0	1232.55323489042	0	0	0	0	0	0	1294.14568618105	0	0	0	0	0	0	422.942353186942	0	0	0	0	0	0	406.297526699916	0	0	0	0	0	0	2540.75964195696	0	0	0	0	0	0	3549.61008878963	0	0
ATATGTATTTTCTTTCGGTA	0	0	0	0	198.6712927421	0	0	0	0	0	0	237.453259590841	0	0	0	0	0	0	1940.27735040814	0	0	0	0	0	0	1389.58703470988	0	0	0	0	0	0	1484.29032198086	0	0	0	0	0	0	1512.4429679601	0	0	0	0	0	0	459.470911339795	0	0	0	0	0	0	647.732147470258	0	0
AACTCAACATGGGAGGTATT	0	0	0	0	128.546178429237	0	0	0	0	0	0	176.406890594637	0	0	0	0	0	0	899.838771203776	0	0	0	0	0	0	962.86345712181	0	0	0	0	0	0	304.929733820842	0	0	0	0	0	0	339.260983712414	0	0	0	0	0	0	217.156280863765	0	0	0	0	0	0	437.509529539003	0	0
TCTTAGACCAATACCAACGG	0	0	0	0	104.344583107683	119.647900822656	24969.3036723284	0	0	0	0	78.048068025053	60.8777281553718	25445.8612635734	0	0	0	0	0	340.090516787707	31304.8187892286	0	0	0	0	0	167.006648666931	30372.2634088445	0	0	0	0	242.915688241065	0	34313.7341733932	0	0	0	0	43.6714614646083	0	34641.4780592544	0	0	0	0	73.9951459184278	0	24305.8804511874	0	0	0	0	270.105648518211	0	24011.9578683459
GTCAGCTGTGTATTAATAAA	0	0	0	0	0	0	0	0	0	0	0	0	0	0	0	0	0	0	0	0	0	0	0	0	0	0	0	0	0	0	0	0	46.5925633456523	0	0	0	0	0	0	44.6910286583345	0	0	0	0	0	0	0	0	0	0	0	0	0	0	0	0
CTGACATAGGGAATCCACGG	0	0	0	0	0	0	0	0	0	0	0	0	0	0	0	0	0	0	79.7500550298429	0	0	0	0	0	0	53.1914893617021	0	0	0	0	0	0	229.681650295469	0	0	0	0	0	0	230.082330050893	0	0	0	0	0	0	0	0	0	0	0	0	0	0	0	0
GGAATACAACTTCGTGGAAG	0	0	0	0	0	0	0	0	0	0	0	0	0	0	0	0	0	0	0	0	0	0	0	0	0	0	0	0	0	0	0	0	98.4349929837724	0	0	0	0	0	0	119.289361665973	0	0	0	0	0	0	0	0	0	0	0	0	0	0	0	0
ATGCAAGTCGAGGTTTTACC	0	0	0	0	462.309982761323	0	0	0	0	0	0	366.734635427661	0	0	0	0	0	0	1738.71254369254	0	0	0	0	0	0	1794.3190189366	0	0	0	0	0	0	280.977218861457	0	0	0	0	0	0	296.863981239964	0	0	0	0	0	0	1981.59000769549	0	0	0	0	0	0	3045.97642125421	0	0
GGATGACTGTGCTCCATTTT	0	0	0	0	0	0	0	0	0	0	0	0	0	0	0	0	0	0	197.185468433614	0	0	0	0	0	0	150.041166529445	0	0	0	0	0	0	486.706354197542	0	0	0	0	0	0	435.780011385167	0	0	0	0	0	0	268.563434870251	0	0	0	0	0	0	188.102237239503	0	0
GGGCTCTTGTTACTGCTTCG	0	0	0	0	1090.85715305922	0	0	0	0	0	0	1425.86061117114	0	0	0	0	0	0	2364.38168929517	0	0	0	0	0	0	2690.55769814101	0	0	0	0	0	0	112.653380859206	0	0	0	0	0	0	125.236836962709	0	0	0	0	0	0	820.878781930853	0	0	0	0	0	0	1448.33192579244	0	0
CGTGTTAATATTGAGTATTT	0	0	0	0	233.88263019764	0	0	0	0	0	0	193.750905711316	0	0	0	0	0	0	1458.20440215694	0	0	0	0	0	0	1174.43775187416	0	0	0	0	0	0	774.683394782289	0	0	0	0	0	0	771.132654188297	0	0	0	0	0	0	351.12643978976	0	0	0	0	0	0	275.872747769989	0	0
CTTTGAGTAACTTTGAGGAA	0	0	0	0	267.6061646621	0	0	0	0	0	0	107.259040853143	0	0	0	0	0	0	1256.52434969708	0	0	0	0	0	0	997.9633401222	0	0	0	0	0	0	8777.55769657741	0	0	0	0	0	0	8753.06932207278	0	0	0	0	0	0	1878.61992042796	0	0	0	0	0	0	2831.40872854422	0	0
TTTTAATCTGCCCCTTCAGC	0	0	0	0	191.827398983136	0	0	0	0	0	0	212.80650126714	0	0	0	0	0	0	414.193204880427	0	0	0	0	0	0	256.965810113966	0	0	0	0	0	0	181.339131518994	0	0	0	0	0	0	178.424258902096	0	0	0	0	0	0	243.015637121573	0	0	0	0	0	0	225.2328762578	0	0
TTTCTATGAAGCATTTCGGC	0	0	0	0	130.331542018532	0	0	0	0	0	0	80.9007020902961	0	0	0	0	0	0	2000.89661189036	0	0	0	0	0	0	1756.94414351952	0	0	0	0	0	0	0	0	0	0	0	0	0	0	0	0	0	0	0	0	147.912402209573	0	0	0	0	0	0	91.5625757919294	0	0
GTGCATTTGGAATCATTGTC	0	0	0	0	0	0	0	0	0	0	0	0	0	0	0	0	0	0	109.713948538165	0	0	0	0	0	0	49.9415001949993	0	0	0	0	0	0	0	0	0	0	0	0	0	0	0	0	0	0	0	0	164.347113566192	0	0	0	0	0	0	45.1887776988642	0	0
TTGCATCTAGTGATCTTAGT	0	0	0	0	1141.34326788984	0	0	0	0	0	0	1665.59597801418	0	0	0	0	0	0	75.4859624921201	0	0	0	0	0	0	231.940893530355	0	0	0	0	0	0	0	0	0	0	0	0	0	0	0	0	0	0	0	0	1538.78747659417	0	0	0	0	0	0	1578.3681637161	0	0
TGCCTGTTGGTTTCAGGGTA	0	0	0	0	290.815891322935	0	0	0	0	0	0	248.977901214423	0	0	0	0	0	0	59.6972955281194	0	0	0	0	0	0	47.0165099449668	0	0	0	0	0	0	0	0	0	0	0	0	0	0	0	0	0	0	0	0	203.525596089318	0	0	0	0	0	0	50.1658633545083	0	0
GTTGTCGCGTTGGAAGTTAG	0	0	0	0	2290.026363869	0	0	0	0	0	0	2920.75496672117	0	0	0	0	0	0	616.910469038655	0	0	0	0	0	0	458.790137366209	0	0	0	0	0	0	0	0	0	0	0	0	0	0	0	0	0	0	0	0	414.840154906891	0	0	0	0	0	0	1004.73929156321	0	0
GCAATGTCTCTAGTCGCGCT	0	0	0	0	1587.48579148144	0	0	0	0	0	0	2021.37649863131	0	0	0	0	0	0	177.363200420416	0	0	0	0	0	0	253.93248689171	0	0	0	0	0	0	0	0	0	0	0	0	0	0	0	0	0	0	0	0	1659.12695074572	0	0	0	0	0	0	2253.11877617414	0	0
CTCTCTCTCTGCCGCATGGC	0	0	0	0	1270.68294124765	0	0	0	0	0	0	1322.25294192151	0	0	0	0	0	0	187.620071659804	0	0	0	0	0	0	134.874550418165	0	0	0	0	0	0	0	0	0	0	0	0	0	0	0	0	0	0	0	0	1397.18413419448	0	0	0	0	0	0	2727.67994337183	0	0
TGAGATGGCCTTTTGGAATT	0	0	0	0	4214.05319193254	0	0	0	0	0	0	3350.24755158418	0	0	0	0	0	0	1732.83501073514	0	0	0	0	0	0	1494.88668371105	0	0	0	0	0	0	0	0	0	0	0	0	0	0	0	0	0	0	0	0	1364.47049073581	0	0	0	0	0	0	1907.56682922513	0	0
CAACATGATACGCATTAGGC	0	0	0	0	0	0	0	0	0	0	0	0	0	0	0	0	0	0	124.00442082675	0	0	0	0	0	0	48.316505611648	0	0	0	0	0	0	0	0	0	0	0	0	0	0	0	0	0	0	0	0	0	0	0	0	0	0	0	0	0	0
TTATGGTCCTTGTGGGGGTT	0	0	0	0	0	0	48.4157297326376	0	0	0	0	0	0	45.0280879597181	0	0	0	0	0	0	768.576634946345	0	0	0	0	0	0	354.303803779827	0	0	0	0	0	0	0	0	0	0	0	0	0	0	0	0	0	0	53.3543946885505	0	17884.8374727412	0	0	0	0	176.015029218653	0	16054.6542811486
TGGTTTGTATTGAAATAAGC	0	0	0	0	0	0	0	0	0	0	0	0	0	0	0	0	0	0	0	0	0	0	0	0	0	0	0	0	0	0	0	0	0	0	0	0	0	0	0	0	0	0	0	0	0	0	75.5529384640789	0	0	0	0	0	0	49.1388456795341	0	0
ACATGTTTAAAACTCTGGAC	0	0	0	0	229.518408090474	0	0	0	0	0	0	299.526576850532	0	0	0	0	0	0	0	0	0	0	0	0	0	0	0	0	0	0	0	0	0	0	0	0	0	0	0	0	0	0	0	0	0	0	541.800247377456	0	0	0	0	0	0	726.180497566363	0	0
AATTATGACAAATTTGCTAA	0	0	0	0	0	0	0	0	0	0	0	0	0	0	0	0	0	0	0	0	0	0	0	0	0	0	0	0	0	0	0	0	0	0	0	0	0	0	0	0	0	0	0	0	0	0	39.1784825231254	0	0	0	0	0	0	86.4274874170584	0	0
ATGTAGCTTTGTTAAAGCTG	0	0	0	0	0	0	0	0	0	0	0	0	0	0	0	0	0	0	0	0	0	0	0	0	0	0	0	0	0	0	0	0	0	0	0	0	0	0	0	0	0	0	0	0	0	0	129.84200868002	0	0	0	0	0	0	141.649437786824	0	0
TCTATAAATAATTTCGCATA	0	0	0	0	0	0	0	0	0	0	0	0	0	0	0	0	0	0	0	0	0	0	0	0	0	0	0	0	0	0	0	0	0	0	0	0	0	0	0	0	0	0	0	0	0	0	37.6206899774743	0	0	0	0	0	0	81.8454085594813	0	0
TTACACAGCGTAACTTAGCG	0	0	0	0	467.070952332776	0	0	0	0	0	0	248.863795851814	0	0	0	0	0	0	0	0	0	0	0	0	0	0	0	0	0	0	0	0	0	0	0	0	0	0	0	0	0	0	0	0	0	0	30.0653961310664	0	0	0	0	0	0	154.763663482649	0	0
TTATCTCTCGATGCGTGCTT	0	0	0	0	0	0	0	0	0	0	0	0	0	0	0	0	0	0	0	0	0	0	0	0	0	0	0	0	0	0	0	0	0	0	0	0	0	0	0	0	0	0	0	0	0	0	116.055544651008	0	0	0	0	0	0	117.949029902805	0	0
CTTATCTTATATAAGTGTTA	0	0	0	0	94.6242702326329	0	0	0	0	0	0	107.943673028801	0	0	0	0	0	0	0	0	0	0	0	0	0	0	0	0	0	0	0	0	0	0	0	0	0	0	0	0	0	0	0	0	0	0	140.279218735882	0	0	0	0	0	0	127.745198494866	0	0
GCTAGGGCGTCTTGTTGGTA	0	0	0	0	0	0	0	0	0	0	0	0	0	0	0	0	0	0	0	0	0	0	0	0	0	0	0	0	0	0	0	0	0	0	0	0	0	0	0	0	0	0	0	0	0	0	71.3468985908209	0	0	0	0	0	0	104.439797408913	0	0
ATTGGAGCTATCTCTTTTTC	0	0	0	0	281.492325912172	0	0	0	0	0	0	84.0956522433685	0	0	0	0	0	0	0	0	0	0	0	0	0	0	0	0	0	0	0	0	0	0	0	0	0	0	0	0	0	0	0	0	0	0	587.132010455904	0	0	0	0	0	0	272.475689306613	0	0
GATTTCTTGTAGAGATATTC	0	0	0	0	0	0	0	0	0	0	0	0	0	0	0	0	0	0	0	0	0	0	0	0	0	0	0	0	0	0	0	0	0	0	0	0	0	0	0	0	0	0	0	0	0	0	73.9951459184278	0	0	0	0	0	0	131.221258317856	0	0
AAGTCATAGTTCCTGCTTTA	0	0	0	0	60.8015489021006	88.8387851755638	16252.7735229191	0	0	0	0	47.3537254830365	44.049738258765	15409.9011877848	0	0	0	0	0	207.388695926745	21817.1694675035	0	0	0	0	0	106.96851918821	24187.29609689	0	0	0	0	0	0	24744.5399464562	0	0	0	0	0	0	23738.176768824	0	0	0	0	44.7086460601869	0	15164.9364517097	0	0	0	0	174.593004745612	0	15101.2566697843
CGGAACAGCTTGGTCTATGT	0	0	0	0	0	0	0	0	0	0	0	0	0	0	0	0	0	0	0	0	0	0	0	0	0	0	0	0	0	0	0	0	0	0	0	0	0	0	0	0	0	0	0	0	0	0	36.6860144500837	0	0	0	0	0	0	81.0553949633473	0	0
GTATCTTTTATTGCATACAC	0	0	0	0	0	0	0	0	0	0	0	0	0	0	0	0	0	0	0	0	0	0	0	0	0	0	0	0	0	0	0	0	0	0	0	0	0	0	0	0	0	0	0	0	0	0	45.4875423330124	0	0	0	0	0	0	115.97399591247	0	0
CACGTGTCTGTGGCGCTACA	0	0	0	0	328.705274162417	0	0	0	0	0	0	192.838062810438	0	0	0	0	0	0	0	0	0	0	0	0	0	0	0	0	0	0	0	0	0	0	0	0	0	0	0	0	0	0	0	0	0	0	195.580854106497	0	0	0	0	0	0	248.775281422593	0	0
AATGGCGGCAAGGGTCGTTC	0	0	0	0	64.7690235449783	0	0	0	0	0	0	49.1794112847921	0	0	0	0	0	0	0	0	0	0	0	0	0	0	0	0	0	0	0	0	0	0	0	0	0	0	0	0	0	0	0	0	0	0	0	0	0	0	0	0	0	0	0	0
TTTCTTCGAGTTGCAGTATT	0	0	0	0	66.5543871342732	1521.6377145588	0	0	0	0	0	248.065058313546	1328.25633978021	0	0	0	0	0	0	11529.9021155668	0	0	0	0	0	0	12167.3764741818	0	0	0	0	0	0	952.169201275571	0	0	0	0	0	0	1039.20390510287	0	0	0	0	0	0	14975.6749518639	0	0	0	0	0	0	18022.1695820669	0
TTTAGTAAATTGTAGAATGA	0	0	0	0	64.6698366789063	0	0	0	0	0	0	102.238404898315	0	0	0	0	0	0	0	0	0	0	0	0	0	0	0	0	0	0	0	0	0	0	0	0	0	0	0	0	0	0	0	0	0	0	0	0	0	0	0	0	0	0	0	0
TCACGTGCAAGCAACGTAGA	0	0	0	0	206.705428893928	0	0	0	0	0	0	93.908713427805	0	0	0	0	0	0	0	0	0	0	0	0	0	0	0	0	0	0	0	0	0	0	0	0	0	0	0	0	0	0	0	0	0	0	0	0	0	0	0	0	0	0	0	0
GCTGATTTTGAAACATAGTT	0	0	0	0	0	363.582574994377	0	0	0	0	0	0	220.248691293825	0	0	0	0	0	0	0	0	0	0	0	0	0	0	0	0	0	0	0	0	691.426590148998	0	0	0	0	0	0	680.922093482133	0	0	0	0	0	0	133.270548097341	0	0	0	0	0	0	77.9672010030191	0
TTGAGTAAGACGGTTCGGGG	0	0	0	0	0	0	0	0	0	0	0	0	0	0	0	0	0	0	0	0	0	0	0	0	0	0	0	0	0	0	0	0	0	122.985930471747	0	0	0	0	0	0	91.5480689579163	0	0	0	0	0	0	0	0	0	0	0	0	0	0	0
TTGCTCATGTTATTCGGTTT	0	0	0	0	0	500.998232852145	0	0	0	0	0	0	245.903126871495	0	0	0	0	0	0	0	0	0	0	0	0	0	0	0	0	0	0	0	0	981.399738479981	0	0	0	0	0	0	1067.64602361407	0	0	0	0	0	0	90.8778213692343	0	0	0	0	0	0	154.146944341122	0
CCAATTACGGTAGTCATTCT	0	0	0	0	0	7250.38270698343	0	0	0	0	0	0	6732.10335025481	0	0	0	0	0	0	2358.99379012736	0	0	0	0	0	0	2547.46581747238	0	0	0	0	0	0	62.1926323498087	0	0	0	0	0	0	109.235511407067	0	0	0	0	0	0	1808.41787551515	0	0	0	0	0	0	1068.13363033503	0
GGGGCGGTGTTCTCCCGTGG	0	0	0	0	0	289.010510984938	0	0	0	0	0	0	392.075666561629	0	0	0	0	0	0	633.954320597832	0	0	0	0	0	0	1067.57859084775	0	0	0	0	0	0	2010.84328545019	0	0	0	0	0	0	1936.73050737184	0	0	0	0	0	0	1676.03579773846	0	0	0	0	0	0	2625.77530976216	0
CGTCCGCAGGTGTCTAAACT	0	0	0	0	0	196.058008663313	0	0	0	0	0	0	247.882890388743	0	0	0	0	0	0	71.9082201873487	0	0	0	0	0	0	139.15270165731	0	0	0	0	0	0	469.321151869744	0	0	0	0	0	0	721.096585879199	0	0	0	0	0	0	136.062883390809	0	0	0	0	0	0	160.275370620835	0
CTTCAGAAGAGGGGCAACTT	0	0	0	0	0	17555.944365039	0	0	0	0	0	0	17303.4631013325	0	0	0	0	0	0	3593.55857278181	0	0	0	0	0	0	2344.64695122165	0	0	0	0	0	0	9296.63242443984	0	0	0	0	0	0	8287.14451795942	0	0	0	0	0	0	1469.52991035334	0	0	0	0	0	0	1469.29020056126	0
GGCCTCCGTATTCAAGCTCA	0	0	0	0	0	1033.15568493828	0	0	0	0	0	0	1241.88915634028	0	0	0	0	0	0	3899.96842437638	0	0	0	0	0	0	3516.03415970611	0	0	0	0	0	0	208.734022324045	0	0	0	0	0	0	253.757026092088	0	0	0	0	0	0	7772.08451637387	0	0	0	0	0	0	7708.02815330939	0
TTAAGAGGTACGTGACGAAC	0	0	0	0	0	0	0	0	0	0	0	0	0	0	0	0	0	0	0	0	0	0	0	0	0	0	0	0	0	0	0	0	0	110.080959259161	0	0	0	0	0	0	98.3919537246732	0	0	0	0	0	0	0	0	0	0	0	0	0	0	0
GGTGTCGTATTAGATTTTGG	0	0	0	0	0	795.960504814362	0	0	0	0	0	0	791.740426606042	0	0	0	0	0	0	2881.54931059888	0	0	0	0	0	0	3384.37159505979	0	0	0	0	0	0	108.13743949823	0	0	0	0	0	0	143.366053620504	0	0	0	0	0	0	5202.24757606258	0	0	0	0	0	0	5181.92488762424	0
GTAGTAATACTGCTTCCATT	0	0	0	0	0	143.192367041598	0	0	0	0	0	0	157.721160207413	0	0	0	0	0	0	1678.30754657404	0	0	0	0	0	0	1442.67060835127	0	0	0	0	0	0	128.583267383229	0	0	0	0	0	0	121.678938255716	0	0	0	0	0	0	2052.49336503057	0	0	0	0	0	0	1941.09390706752	0
TGCATGAGATTGTTCATTAA	0	0	0	0	0	370.672172629077	0	0	0	0	0	0	489.579019786087	0	0	0	0	0	0	0	0	0	0	0	0	0	0	0	0	0	0	0	0	63.7474481585539	0	0	0	0	0	0	69.9498352134759	0	0	0	0	0	0	61.8121494508619	0	0	0	0	0	0	43.5799202112945	0
TTTAGGTCTGAAGTCTTATG	0	0	0	0	0	1135.298406416	0	0	0	0	0	0	1039.87078743444	0	0	0	0	0	0	459.404273234396	0	0	0	0	0	0	595.93402593694	0	0	0	0	0	0	506.714472070066	0	0	0	0	0	0	859.218623899201	0	0	0	0	0	0	1167.06922833814	0	0	0	0	0	0	717.621693948094	0
TTTTTGGTTGTCCTGGTGAG	0	0	0	0	0	169.275084265557	0	0	0	0	0	0	245.655656431839	0	0	0	0	0	0	0	0	0	0	0	0	0	0	0	0	0	0	0	0	38.9481360090677	0	0	0	0	0	0	44.3519285533983	0	0	0	0	0	0	274.410404749001	0	0	0	0	0	0	293.313291109611	0
TAAGGGTTTTATTACTCTAT	0	0	0	0	0	196.93326763056	0	0	0	0	0	0	151.451909069462	0	0	0	0	0	0	0	0	0	0	0	0	0	0	0	0	0	0	0	0	428.973681632805	0	0	0	0	0	0	428.231646834214	0	0	0	0	0	0	81.2315721736173	0	0	0	0	0	0	36.8556747099424	0
GTGTGCCGCGACTTCGAGAC	0	0	0	0	0	20370.514626015	0	0	0	0	0	0	20850.4569129218	0	0	0	0	0	0	4685.48573834333	0	0	0	0	0	0	3281.49924454946	0	0	0	0	0	0	10678.7081968335	0	0	0	0	0	0	9478.24711223615	0	0	0	0	0	0	1885.71479341161	0	0	0	0	0	0	1944.3283542707	0
CTTATCTCTGAAAATGTGTG	0	0	0	0	0	242.62178572085	0	0	0	0	0	0	226.023001552465	0	0	0	0	0	0	0	0	0	0	0	0	0	0	0	0	0	0	0	0	920.839662729355	0	0	0	0	0	0	915.391807958816	0	0	0	0	0	0	159.416960390724	0	0	0	0	0	0	71.0727214383416	0
TAGCACAGACATGCAAGCGG	0	0	0	0	0	314.305495138374	0	0	0	0	0	0	366.256250690855	0	0	0	0	0	0	107.946531944006	0	0	0	0	0	0	292.817543773414	0	0	0	0	0	0	80.1507549408159	0	0	0	0	0	0	94.6589256700785	0	0	0	0	0	0	540.443803617597	0	0	0	0	0	0	479.889824514216	0
CACACCTTGGATTTGATTAA	0	0	0	0	0	0	0	0	0	0	0	0	0	0	0	0	0	0	0	0	0	0	0	0	0	0	0	0	0	0	0	0	0	58.1501112470711	0	0	0	0	0	0	66.2168071588812	0	0	0	0	0	0	0	0	0	0	0	0	0	0	0
ATTCAGGTTGATAGCATCCG	0	0	0	0	0	747.033528545258	0	0	0	0	0	0	575.698732786369	0	0	0	0	0	0	0	0	0	0	0	0	0	0	0	0	0	0	0	0	1106.17370713178	0	0	0	0	0	0	1338.82384729427	0	0	0	0	0	0	215.64443925465	0	0	0	0	0	0	201.472013945574	0
TTGGTCATTAAGAGTGATAA	0	0	0	0	0	0	0	0	0	0	0	0	0	0	0	0	0	0	0	0	0	0	0	0	0	0	0	0	0	0	0	0	0	443.433468654136	0	0	0	0	0	0	434.453360258539	0	0	0	0	0	0	0	0	0	0	0	0	0	0	0
TTTGTTACCCTTGTGTAAAT	0	0	0	0	0	877.009485181428	0	0	0	0	0	0	964.309813192814	0	0	0	0	0	0	553.541732449216	0	0	0	0	0	0	931.234690569566	0	0	0	0	0	0	292.849557577162	0	0	0	0	0	0	265.311636737262	0	0	0	0	0	0	163.605463330926	0	0	0	0	0	0	149.891092757988	0
CGGCATCTGTCTAATCAAAT	0	0	0	0	0	611.368388621984	0	0	0	0	0	0	533.628758044852	0	0	0	0	0	0	0	0	0	0	0	0	0	0	0	0	0	0	0	0	86.5254997566713	0	0	0	0	0	0	102.213863399615	0	0	0	0	0	0	0	0	0	0	0	0	0	0	0
CAGAGTCTGCTGGATTGATA	0	0	0	0	0	388.965085044538	0	0	0	0	0	0	329.878096061425	0	0	0	0	0	0	4765.47731817703	0	0	0	0	0	0	5592.32354583086	0	0	0	0	0	0	320.214315811077	0	0	0	0	0	0	340.949895652978	0	0	0	0	0	0	4408.58973106003	0	0	0	0	0	0	4028.67422562653	0
ACGAGATTAAGTACGGTATG	0	0	0	0	0	1228.8635900147	0	0	0	0	0	0	1354.7356768234	0	0	0	0	0	0	6044.24797389748	0	0	0	0	0	0	4681.80376543232	0	0	0	0	0	0	235.321372653589	0	0	0	0	0	0	243.980047853864	0	0	0	0	0	0	10612.2702828255	0	0	0	0	0	0	9851.61547870244	0
AAGATGTGTATATCATTGCG	0	0	0	0	0	237.107654227194	0	0	0	0	0	0	226.517942431777	0	0	0	0	0	0	0	0	0	0	0	0	0	0	0	0	0	0	0	0	334.829584413282	0	0	0	0	0	0	334.550418987958	0	0	0	0	0	0	297.383708754352	0	0	0	0	0	0	115.4186949346	0
AATTTCCTTGTGCTCAAGTC	0	0	0	0	0	2028.06255300787	0	0	0	0	0	0	1666.05348991063	0	0	0	0	0	0	843.027049784233	0	0	0	0	0	0	1157.92836854283	0	0	0	0	0	0	2970.32012102686	0	0	0	0	0	0	2947.04788586178	0	0	0	0	0	0	1706.87841029813	0	0	0	0	0	0	1635.9493485568	0
TTATGGATAAGCTTTGTACG	0	0	0	0	0	174.439112172314	0	0	0	0	0	0	118.785811034872	0	0	0	0	0	0	823.744868961162	0	0	0	0	0	0	312.830253599654	0	0	0	0	0	0	0	0	0	0	0	0	0	0	0	0	0	0	0	0	414.407942416969	0	0	0	0	0	0	225.645250937777	0
GGTTCGTTTATGTGTTGAAT	0	0	0	0	0	66.519681510767	0	0	0	0	0	0	168.114918672965	0	0	0	0	0	0	199.052731291443	0	0	0	0	0	0	211.011203606501	0	0	0	0	0	0	0	0	0	0	0	0	0	0	0	0	0	0	0	0	176.424820814575	0	0	0	0	0	0	272.629852415579	0
AGAGATCATTGTAGTGTGAT	0	0	0	0	0	96.7161158807862	0	0	0	0	0	0	166.547605888477	0	0	0	0	0	0	1199.0316808757	0	0	0	0	0	0	1619.97619540831	0	0	0	0	0	0	0	0	0	0	0	0	0	0	0	0	0	0	0	0	1942.19612093858	0	0	0	0	0	0	1842.35815033881	0
AGTGTAGGTCGCGCTGCATA	0	0	0	0	0	0	0	0	0	0	0	0	0	0	0	0	0	0	0	444.584780549416	0	0	0	0	0	0	220.607941651833	0	0	0	0	0	0	0	0	0	0	0	0	0	0	0	0	0	0	0	0	56.7351761900108	0	0	0	0	0	0	105.800470356717	0
AGGTTACGTAATGTTGATTG	0	0	0	0	0	487.256667066368	0	0	0	0	0	0	301.996426526851	0	0	0	0	0	0	212.693400694664	0	0	0	0	0	0	304.989016416274	0	0	0	0	0	0	0	0	0	0	0	0	0	0	0	0	0	0	0	0	380.138372906225	0	0	0	0	0	0	352.639862178502	0
GGATTAGGTTTTTGATGAAA	0	0	0	0	0	0	0	0	0	0	0	0	0	0	0	0	0	0	0	0	0	0	0	0	0	0	0	0	0	0	0	0	0	0	0	0	0	0	0	0	0	0	0	0	0	0	0	56.354403195447	0	0	0	0	0	0	39.3240686281603	0
TGGTCTTCGGCCATTGAGAC	0	0	0	0	0	870.532568823801	0	0	0	0	0	0	836.450086037223	0	0	0	0	0	0	0	0	0	0	0	0	0	0	0	0	0	0	0	0	0	0	0	0	0	0	0	0	0	0	0	0	0	0	338.88796516181	0	0	0	0	0	0	359.704575806505	0
GGACTCCGCCGTCTCAGGAG	0	0	0	0	0	0	0	0	0	0	0	0	0	0	0	0	0	0	0	0	0	0	0	0	0	0	0	0	0	0	0	0	0	0	0	0	0	0	0	0	0	0	0	0	0	0	0	75.6469015866811	0	0	0	0	0	0	65.3698803169418	0
AATGATGATTGCATCTTCCG	0	0	0	0	0	0	95.3214172124054	0	0	0	0	0	0	81.6329077329762	0	0	0	0	0	0	89.896740230816	0	0	0	0	0	0	45.1678690249117	0	0	0	0	0	0	58.4552829163228	0	0	0	0	0	0	54.0857915511308	0	0	0	0	0	0	114.475518714766	0	0	0	0	0	0	316.085340593584
TCCGTATCTCGCTTTATGGC	0	0	0	0	0	0	91.0744233762091	0	0	0	0	0	0	64.0584346032017	0	0	0	0	0	0	0	0	0	0	0	0	0	0	0	0	0	0	0	0	42.0298315183478	0	0	0	0	0	0	38.2286260408943	0	0	0	0	0	0	52.6136633875739	0	0	0	0	0	0	48.4778446456465
GATTTCAAACTTAGTTAGTA	0	0	0	0	0	0	0	0	0	0	0	0	0	0	0	0	0	0	0	0	0	0	0	0	0	0	0	0	0	0	0	0	0	0	38.2455363433241	0	0	0	0	0	0	34.5429064898664	0	0	0	0	0	0	0	0	0	0	0	0	0	0
ACTATTCATCAAATGCCGTA	0	0	0	0	0	0	550.787911734255	0	0	0	0	0	0	525.466347483731	0	0	0	0	0	0	201.154079773233	0	0	0	0	0	0	325.658380350608	0	0	0	0	0	0	96.2982346665593	0	0	0	0	0	0	102.600146571638	0	0	0	0	0	0	285.839075242979	0	0	0	0	0	0	173.181795181922
CTGTTAAGTTAGGTACTGTG	0	0	0	0	0	0	1289.00981810597	0	0	0	0	0	0	1089.40935211549	0	0	0	0	0	0	202.065195383681	0	0	0	0	0	0	293.493382711656	0	0	0	0	0	0	501.86195374303	0	0	0	0	0	0	396.171994531421	0	0	0	0	0	0	243.40619457885	0	0	0	0	0	0	228.270255006521
AGTTGCTAAGTGTATAGATT	0	0	0	0	0	0	1659.06454769988	0	0	0	0	0	0	1809.85875947098	0	0	0	0	0	0	437.031787811298	0	0	0	0	0	0	227.110302478074	0	0	0	0	0	0	396.143239598221	0	0	0	0	0	0	411.429159184513	0	0	0	0	0	0	545.798756234758	0	0	0	0	0	0	638.78129636612
GTGCGAGAGTGTGTGTGGCA	0	0	0	0	0	0	506.147287633792	0	0	0	0	0	0	533.993606635456	0	0	0	0	0	0	0	0	0	0	0	0	0	0	0	0	0	0	0	0	162.644175607399	0	0	0	0	0	0	135.000192857418	0	0	0	0	0	0	270.062747816572	0	0	0	0	0	0	333.223972539015
ATCAAAAAGAAGTGTCTGGA	0	0	0	0	0	0	2160.20982037104	0	0	0	0	0	0	2086.37073611045	0	0	0	0	0	0	2959.80967807248	0	0	0	0	0	0	2208.43505065743	0	0	0	0	0	0	533.988204271423	0	0	0	0	0	0	462.17208881727	0	0	0	0	0	0	4557.33801286664	0	0	0	0	0	0	5155.0556515863
CGTATTGTCAAAGTCAGGGT	0	0	0	0	0	0	0	0	0	0	0	0	0	0	0	0	0	0	0	0	0	0	0	0	0	0	0	0	0	0	0	0	0	0	387.930513899233	0	0	0	0	0	0	337.371910531301	0	0	0	0	0	0	183.098657224703	0	0	0	0	0	0	249.163063473331
AGTTTAAGGTCTACGTTCGA	0	0	0	0	0	0	0	0	0	0	0	0	0	0	0	0	0	0	0	0	0	0	0	0	0	0	0	0	0	0	0	0	0	0	87.6829243744842	0	0	0	0	0	0	86.1429802042574	0	0	0	0	0	0	0	0	0	0	0	0	0	0
TCTAAAGACTGTTCCGCAAC	0	0	0	0	0	0	104.381670729624	0	0	0	0	0	0	71.4417931370123	0	0	0	0	0	0	0	0	0	0	0	0	0	0	0	0	0	0	0	0	240.423518991928	0	0	0	0	0	0	212.914589877986	0	0	0	0	0	0	56.5771742188386	0	0	0	0	0	0	65.4532515249302
TCATGTGTATGGATATACGG	0	0	0	0	0	0	89.8475140457524	0	0	0	0	0	0	52.3074555282637	0	0	0	0	0	0	0	0	0	0	0	0	0	0	0	0	0	0	0	0	41.7882807624952	0	0	0	0	0	0	51.2572160817373	0	0	0	0	0	0	391.765845105997	0	0	0	0	0	0	304.169910764856
TCCCTAGGGTAGAGATTGAG	0	0	0	0	0	0	55.3996751521603	0	0	0	0	0	0	48.6677717439909	0	0	0	0	0	0	0	0	0	0	0	0	0	0	0	0	0	0	0	0	319.249582318485	0	0	0	0	0	0	337.800482572118	0	0	0	0	0	0	401.324900640224	0	0	0	0	0	0	490.98099897005
GATCCAAATGTTCTGTGTAA	0	0	0	0	0	0	293.325707619956	0	0	0	0	0	0	330.587278577237	0	0	0	0	0	0	485.725855436323	0	0	0	0	0	0	257.124449211078	0	0	0	0	0	0	743.332192676986	0	0	0	0	0	0	821.229744613921	0	0	0	0	0	0	766.51190840715	0	0	0	0	0	0	675.098873583819
TGAAATCACATTGCTGTTAA	0	0	0	0	0	0	1255.0338674164	0	0	0	0	0	0	1286.36824032728	0	0	0	0	0	0	257.137072281838	0	0	0	0	0	0	294.764340065171	0	0	0	0	0	0	389.782403027436	0	0	0	0	0	0	385.800551143644	0	0	0	0	0	0	218.614822908782	0	0	0	0	0	0	204.276170282918
ATGGGCGCGTAAGGGGGCAC	0	0	0	0	0	0	9700.41705479471	0	0	0	0	0	0	9396.51963037451	0	0	0	0	0	0	3463.04920024296	0	0	0	0	0	0	3277.60348281421	0	0	0	0	0	0	2011.55417782161	0	0	0	0	0	0	1957.03136718767	0	0	0	0	0	0	1600.09263735119	0	0	0	0	0	0	1644.16609129831
TCTCGGAAGTTGGAGTATTT	0	0	0	0	0	0	3120.78544847783	0	0	0	0	0	0	3138.03136783476	0	0	0	0	0	0	1382.26361611662	0	0	0	0	0	0	1129.58778942387	0	0	0	0	0	0	516.51603293142	0	0	0	0	0	0	484.629263756091	0	0	0	0	0	0	442.125747432655	0	0	0	0	0	0	391.740158752699
GTGTTACTCTTTCTAAGAGC	0	0	0	0	0	0	8476.62218648456	0	0	0	0	0	0	8392.27887881101	0	0	0	0	0	0	2747.51974083823	0	0	0	0	0	0	3651.8515404492	0	0	0	0	0	0	2484.43004086234	0	0	0	0	0	0	2292.34613192305	0	0	0	0	0	0	1343.70788769742	0	0	0	0	0	0	1566.22612221314
GATGGATGTAAATGGAGGGG	0	0	0	0	0	0	82.4860580630122	0	0	0	0	0	0	46.4839614734272	0	0	0	0	0	0	0	0	0	0	0	0	0	0	0	0	0	0	0	0	41.9493145997303	0	0	0	0	0	0	39.3429133470191	0	0	0	0	0	0	74.0632514155951	0	0	0	0	0	0	32.9714633616855
TTACTAAAAACTCAGTGCCG	0	0	0	0	0	0	2928.06630595532	0	0	0	0	0	0	2936.49687715131	0	0	0	0	0	0	907.673618141324	0	0	0	0	0	0	784.962814720815	0	0	0	0	0	0	1362.50729684575	0	0	0	0	0	0	1400.8305726151	0	0	0	0	0	0	686.697680491289	0	0	0	0	0	0	531.134365242202
GCGTGAACGTCATGGCTGTA	0	0	0	0	0	0	1967.58505548933	0	0	0	0	0	0	2090.9463385821	0	0	0	0	0	0	617.331443612067	0	0	0	0	0	0	564.891660662208	0	0	0	0	0	0	953.883934861813	0	0	0	0	0	0	985.88712269589	0	0	0	0	0	0	1204.9072927045	0	0	0	0	0	0	884.108570784998
ATAGGTCATCCACCTGGAAT	0	0	0	0	0	0	174.504257847265	0	0	0	0	0	0	201.950454544509	0	0	0	0	0	0	1327.19173921847	0	0	0	0	0	0	1676.88157903742	0	0	0	0	0	0	41.6272469252602	0	0	0	0	0	0	37.8857684082406	0	0	0	0	0	0	1549.88816682184	0	0	0	0	0	0	1411.40714697275
CATTATCTATGATGTGTCTA	0	0	0	0	0	0	1315.24680224959	0	0	0	0	0	0	1229.48518232736	0	0	0	0	0	0	588.276979145576	0	0	0	0	0	0	408.661672130154	0	0	0	0	0	0	612.572716842127	0	0	0	0	0	0	600.600858001226	0	0	0	0	0	0	673.563693619058	0	0	0	0	0	0	423.977109316724
TACTACTACAAAGCTCCGAG	0	0	0	0	0	0	0	0	0	0	0	0	0	0	0	0	0	0	0	0	0	0	0	0	0	0	0	0	0	0	0	0	0	0	266.108416030918	0	0	0	0	0	0	265.114664449521	0	0	0	0	0	0	325.785047150236	0	0	0	0	0	0	163.306678680032
TATATTTTTGCCGAGTTTAG	0	0	0	0	0	0	0	0	0	0	0	0	0	0	0	0	0	0	0	0	0	0	0	0	0	0	0	0	0	0	0	0	0	0	53.7047847178888	0	0	0	0	0	0	59.3143704491006	0	0	0	0	0	0	34.8167225962084	0	0	0	0	0	0	60.7197246066684
AGTGAAGAGGCTGTAATAGG	0	0	0	0	0	0	180.072538654722	0	0	0	0	0	0	160.042095542739	0	0	0	0	0	0	0	0	0	0	0	0	0	0	0	0	0	0	0	0	62.1590611727289	0	0	0	0	0	0	46.3714948164212	0	0	0	0	0	0	837.077944383394	0	0	0	0	0	0	792.376083610408
ATAAATTGTTTGGAATTTGT	0	0	0	0	0	0	284.171076461933	0	0	0	0	0	0	241.467021345186	0	0	0	0	0	0	326.888034014983	0	0	0	0	0	0	349.317740316038	0	0	0	0	0	0	693.170152378269	0	0	0	0	0	0	647.229496042137	0	0	0	0	0	0	467.461130393289	0	0	0	0	0	0	671.263084529365
TCTCGCTCTTGTGTGTTTTA	0	0	0	0	0	0	125.333506988192	0	0	0	0	0	0	138.411974767632	0	0	0	0	0	0	114.901801984207	0	0	0	0	0	0	108.617970750383	0	0	0	0	0	0	715.87592342841	0	0	0	0	0	0	654.77236396052	0	0	0	0	0	0	393.242447180389	0	0	0	0	0	0	368.07252416139
GCATAGTCCGTTGACAGCTC	0	0	0	0	0	0	94.4720184451661	0	0	0	0	0	0	48.1478169176662	0	0	0	0	0	0	0	0	0	0	0	0	0	0	0	0	0	0	0	0	531.492179794279	0	0	0	0	0	0	528.94361277659	0	0	0	0	0	0	188.383338333056	0	0	0	0	0	0	466.007563849565
TGCCGTCTTTATCAGTAGAT	0	0	0	0	0	0	81.919792218186	0	0	0	0	0	0	108.150603875535	0	0	0	0	0	0	65.4990888843896	0	0	0	0	0	0	63.8411655265527	0	0	0	0	0	0	0	0	0	0	0	0	0	0	0	0	0	0	0	0	191.95826967106	0	0	0	0	0	0	153.839624843508
GCACACCACTTTAGTGAATA	0	0	0	0	0	0	0	0	0	0	0	0	0	0	0	0	0	0	0	0	169.973678882365	0	0	0	0	0	0	100.405630927672	0	0	0	0	0	0	0	0	0	0	0	0	0	0	0	0	0	0	0	0	112.532621248459	0	0	0	0	0	0	79.8170573458625
CGGTTCATTAGCATGCATGT	0	0	0	0	0	0	122.69093304567	0	0	0	0	0	0	115.949926270406	0	0	0	0	0	0	572.180603361004	0	0	0	0	0	0	884.684083996594	0	0	0	0	0	0	0	0	0	0	0	0	0	0	0	0	0	0	0	0	649.78262863147	0	0	0	0	0	0	706.274861217888
TCCATTATCGTTAGGATTAG	0	0	0	0	0	0	48.793240295855	0	0	0	0	0	0	58.2349405483652	0	0	0	0	0	0	628.973476412229	0	0	0	0	0	0	363.884866906324	0	0	0	0	0	0	0	0	0	0	0	0	0	0	0	0	0	0	0	0	262.446589748651	0	0	0	0	0	0	403.818813647574
TTCGCTGTATGTGTAACGGC	0	0	0	0	0	0	0	0	0	0	0	0	0	0	0	0	0	0	0	0	137.072281838429	0	0	0	0	0	0	62.7657400735787	0	0	0	0	0	0	0	0	0	0	0	0	0	0	0	0	0	0	0	0	433.499282682255	0	0	0	0	0	0	754.915930929681
CTTTTTTTGCGTTACTTTTC	0	0	0	0	0	0	0	0	0	0	0	0	0	0	0	0	0	0	0	0	123.000607410407	0	0	0	0	0	0	81.7323344260308	0	0	0	0	0	0	0	0	0	0	0	0	0	0	0	0	0	0	0	0	217.682232124955	0	0	0	0	0	0	298.375420916639
AGCATGGATAGTTCGGAGTG	0	0	0	0	0	0	83.5242121118602	0	0	0	0	0	0	42.9482686544193	0	0	0	0	0	0	598.198015792671	0	0	0	0	0	0	656.205058214735	0	0	0	0	0	0	0	0	0	0	0	0	0	0	0	0	0	0	0	0	1354.97669300199	0	0	0	0	0	0	1665.30373736434
ACCCCTTGTCCAACGATGCT	0	0	0	0	0	0	0	0	0	0	0	0	0	0	0	0	0	0	0	0	0	0	0	0	0	0	0	0	0	0	0	0	0	0	0	0	0	0	0	0	0	0	0	0	0	0	0	0	143.230401216098	0	0	0	0	0	0	32.889850828612
AACCATCTTGTAAGAGGCAA	0	0	0	0	0	0	0	0	0	0	0	0	0	0	0	0	0	0	0	0	0	0	0	0	0	0	0	0	0	0	0	0	0	0	0	0	0	0	0	0	0	0	0	0	0	0	0	0	32.8738251299021	0	0	0	0	0	0	125.193625734717
CGGTGTTCGTGGTACCGTTC	0	0	0	0	0	0	0	0	0	0	0	0	0	0	0	0	0	0	0	0	0	0	0	0	0	0	0	0	0	0	0	0	0	0	0	0	0	0	0	0	0	0	0	0	0	0	0	0	189.859940407449	0	0	0	0	0	0	233.819907255517
GGTCACTACTGGTTATTGGG	0	0	0	0	0	0	0	0	0	0	0	0	0	0	0	0	0	0	0	0	0	0	0	0	0	0	0	0	0	0	0	0	0	0	0	0	0	0	0	0	0	0	0	0	0	0	0	0	103.439861106146	0	0	0	0	0	0	51.6607334355122
TACAACTCCACCGTGATTAA	0	0	0	0	0	0	128.259213853128	0	0	0	0	0	0	123.749248665276	0	0	0	0	0	0	0	0	0	0	0	0	0	0	0	0	0	0	0	0	0	0	0	0	0	0	0	0	0	0	0	0	0	0	125.278028627428	0	0	0	0	0	0	64.5555136611219
GGTAGTCCAGTTGCTTGTGT	0	0	0	0	0	0	0	0	0	0	0	0	0	0	0	0	0	0	0	0	0	0	0	0	0	0	0	0	0	0	0	0	0	0	0	0	0	0	0	0	0	0	0	0	0	0	0	0	102.429554423667	0	0	0	0	0	0	36.807252416139
AACCTAACACTTTCGTGGGG	0	0	0	0	0	0	0	0	0	0	0	0	0	0	0	0	0	0	0	0	0	0	0	0	0	0	0	0	0	0	0	0	0	0	0	0	0	0	0	0	0	0	0	0	0	0	0	0	255.529874768601	0	0	0	0	0	0	138.1700184934
TGATATTATTTGTCATGTGA	0	0	0	0	0	0	0	0	0	0	0	0	0	0	0	0	0	0	0	0	0	0	0	0	0	0	0	0	0	0	0	0	0	0	0	0	0	0	0	0	0	0	0	0	0	0	0	0	38.2362221369074	0	0	0	0	0	0	35.1750017546695
GCCACGACTGACCAGCGGTT	0	0	0	0	0	0	456.504648570698	0	0	0	0	0	0	383.830652792885	0	0	0	0	0	0	0	0	0	0	0	0	0	0	0	0	0	0	0	0	0	0	0	0	0	0	0	0	0	0	0	0	0	0	65.5145025638475	0	0	0	0	0	0	54.1907219607901
ATCCTTAAACAGATTGTGTT	0	0	0	0	0	0	0	0	0	0	0	0	0	0	0	0	0	0	0	0	0	0	0	0	0	0	0	0	0	0	0	0	0	0	0	0	0	0	0	0	0	0	0	0	0	0	0	0	33.9618477110336	0	0	0	0	0	0	133.844554240506
CCAGTTATATAAAGTGCTGA	0	0	0	0	0	0	0	0	0	0	0	0	0	0	0	0	0	0	0	0	0	0	0	0	0	0	0	0	0	0	0	0	0	0	0	0	0	0	0	0	0	0	0	0	0	0	0	0	38.4693698328642	0	0	0	0	0	0	36.1543521515512
