tag	var.Totalreads.AE4_HIGH_1_M_a	var.Totalreads.AE4_HIGH_2_M_a	var.Totalreads.AE4_HIGH_3_M_a	var.Totalreads.AE4_HIGH_4_M_a	var.Totalreads.AE4_HIGH_5_M_a	var.Totalreads.AE4_HIGH_6_M_a	var.Totalreads.AE4_HIGH_7_M_a	var.Totalreads.AE4_HIGH_1_M_b	var.Totalreads.AE4_HIGH_2_M_b	var.Totalreads.AE4_HIGH_3_M_b	var.Totalreads.AE4_HIGH_4_M_b	var.Totalreads.AE4_HIGH_5_M_b	var.Totalreads.AE4_HIGH_6_M_b	var.Totalreads.AE4_HIGH_7_M_b	var.Totalreads.AE4_HIGH_1_D_a	var.Totalreads.AE4_HIGH_2_D_a	var.Totalreads.AE4_HIGH_3_D_a	var.Totalreads.AE4_HIGH_4_D_a	var.Totalreads.AE4_HIGH_5_D_a	var.Totalreads.AE4_HIGH_6_D_a	var.Totalreads.AE4_HIGH_7_D_a	var.Totalreads.AE4_HIGH_1_D_b	var.Totalreads.AE4_HIGH_2_D_b	var.Totalreads.AE4_HIGH_3_D_b	var.Totalreads.AE4_HIGH_4_D_b	var.Totalreads.AE4_HIGH_5_D_b	var.Totalreads.AE4_HIGH_6_D_b	var.Totalreads.AE4_HIGH_7_D_b	var.Totalreads.AE4_HIGH_1_B_a	var.Totalreads.AE4_HIGH_2_B_a	var.Totalreads.AE4_HIGH_3_B_a	var.Totalreads.AE4_HIGH_4_B_a	var.Totalreads.AE4_HIGH_5_B_a	var.Totalreads.AE4_HIGH_6_B_a	var.Totalreads.AE4_HIGH_7_B_a	var.Totalreads.AE4_HIGH_1_B_b	var.Totalreads.AE4_HIGH_2_B_b	var.Totalreads.AE4_HIGH_3_B_b	var.Totalreads.AE4_HIGH_4_B_b	var.Totalreads.AE4_HIGH_5_B_b	var.Totalreads.AE4_HIGH_6_B_b	var.Totalreads.AE4_HIGH_7_B_b	var.Totalreads.AE4_HIGH_1_E.P7_a	var.Totalreads.AE4_HIGH_2_E.P7_a	var.Totalreads.AE4_HIGH_3_E.P7_a	var.Totalreads.AE4_HIGH_4_E.P7_a	var.Totalreads.AE4_HIGH_5_E.P7_a	var.Totalreads.AE4_HIGH_6_E.P7_a	var.Totalreads.AE4_HIGH_7_E.P7_a	var.Totalreads.AE4_HIGH_1_E.P7_b	var.Totalreads.AE4_HIGH_2_E.P7_b	var.Totalreads.AE4_HIGH_3_E.P7_b	var.Totalreads.AE4_HIGH_4_E.P7_b	var.Totalreads.AE4_HIGH_5_E.P7_b	var.Totalreads.AE4_HIGH_6_E.P7_b	var.Totalreads.AE4_HIGH_7_E.P7_b
TTGGGGTGGCTGACCTGATT	409.167058668185	0	0	0	0	0	0	75.5196525489399	0	0	0	0	0	0	1069.22369242329	0	0	0	0	0	0	1315.36803055727	0	0	0	0	0	0	5783.50695539522	0	0	0	0	0	0	5789.77077390521	0	0	0	0	0	0	537.723692154795	0	0	0	0	0	0	464.085421105478	0	0	0	0	0	0
ATTTACCGAATGGAGATGCT	179.990591963556	0	0	0	0	0	0	223.222748096465	0	0	0	0	0	0	2057.83776908081	0	0	0	0	0	0	2779.29161826361	0	0	0	0	0	0	1759.10606067958	0	0	0	0	0	0	1614.43185936092	0	0	0	0	0	0	282.18585903838	0	0	0	0	0	0	65.2046139152156	0	0	0	0	0	0
GTTTGCGTAGCAAACGGGCG	0	0	0	0	0	0	0	0	0	0	0	0	0	0	69.6644569278418	0	0	0	0	0	0	71.9472609845062	0	0	0	0	0	0	79.0882051829461	0	0	0	0	0	0	65.3902976129638	0	0	0	0	0	0	0	0	0	0	0	0	0	0	0	0	0	0	0	0
CTGAAACCCACTCGGTGGCG	94.4104709795086	0	0	0	0	0	0	168.630228181569	0	0	0	0	0	0	88.4487160145423	0	0	0	0	0	0	105.889158193144	0	0	0	0	0	0	403.932090888359	0	0	0	0	0	0	366.092749691051	0	0	0	0	0	0	210.352050031347	0	0	0	0	0	0	530.922701409807	0	0	0	0	0	0
TTGTTTGTTCACAGTCTACC	0	0	0	0	0	0	0	0	0	0	0	0	0	0	119.953024561528	0	0	0	0	0	0	103.498883741831	0	0	0	0	0	0	161.936739139928	0	0	0	0	0	0	135.542588480158	0	0	0	0	0	0	71.1901368833138	0	0	0	0	0	0	123.572437326019	0	0	0	0	0	0
GGGCCATGTAGGAGGTATGT	0	0	0	0	0	0	0	0	0	0	0	0	0	0	0	0	0	0	0	0	0	0	0	0	0	0	0	0	255.823657562628	0	0	0	0	0	0	240.538732427083	0	0	0	0	0	0	0	0	0	0	0	0	0	0	0	0	0	0	0	0
GTGGGCCGGAGTGCACGATT	0	0	0	0	0	0	0	0	0	0	0	0	0	0	0	0	0	0	0	0	0	0	0	0	0	0	0	0	68.8989272145911	0	0	0	0	0	0	65.2741514360313	0	0	0	0	0	0	0	0	0	0	0	0	0	0	0	0	0	0	0	0
GACCGAATTTTCAGATTGCA	383.913908213876	0	0	0	0	0	0	496.488639448252	0	0	0	0	0	0	15288.4640983999	0	0	0	0	0	0	13397.1297584389	0	0	0	0	0	0	8670.46904642914	0	0	0	0	0	0	8632.33230814975	0	0	0	0	0	0	1248.46645116524	0	0	0	0	0	0	1396.2358876399	0	0	0	0	0	0
ATCAGATAATTCAAGTGCAG	0	0	0	0	0	0	0	0	0	0	0	0	0	0	0	0	0	0	0	0	0	0	0	0	0	0	0	0	183.285702502196	0	0	0	0	0	0	149.131691181253	0	0	0	0	0	0	115.217310145689	0	0	0	0	0	0	119.898937950514	0	0	0	0	0	0
TTGCTAGGAGTCGCGATACG	4683.38656301321	0	0	0	0	0	0	4660.68474184562	0	0	0	0	0	0	1143.02956080332	0	0	0	0	0	0	1122.11434116865	0	0	0	0	0	0	2142.65959563123	0	0	0	0	0	0	2093.30254685337	0	0	0	0	0	0	6336.43712031391	0	0	0	0	123.70700889679	0	7229.75289594201	0	0	0	0	40.3572123219165	0
CGGTTGAACGCGGTATATAG	767.827816427752	0	0	0	0	0	0	1456.10382284121	0	0	0	0	0	0	4535.28926279918	0	0	0	0	0	137.124556886185	4738.8386134496	0	0	0	0	0	37.2361493901936	16173.9018626971	0	0	0	0	0	0	16918.0844243331	0	0	0	0	0	0	2248.21799372548	0	0	0	0	0	0	1514.5021592013	0	0	0	0	0	0
TATACGGGGACATGCAGTTG	80641.8921706981	0	36.7773546404717	0	0	0	0	80695.933312204	0	310.781120070796	0	0	0	0	32434.2033255534	0	0	0	0	0	0	37451.0591306094	0	0	0	0	0	0	530.32765806724	0	0	0	0	0	0	507.907231725561	0	0	0	0	0	0	69007.7021806324	0	0	0	226.526114825435	1303.20276668002	0	67869.6356704953	0	0	0	106.554656993104	335.897303278623	0
GTTTTAGAGAGTCCCCGAGA	0	0	0	0	0	0	0	0	0	0	0	0	0	0	0	0	0	0	0	0	0	0	0	0	0	0	0	0	662.788271655855	0	0	0	0	0	0	604.308558579486	0	0	0	0	0	0	0	0	0	0	0	0	0	0	0	0	0	0	0	0
CGGATCAGCCAATCGTGGTT	0	0	0	0	0	0	0	0	0	0	0	0	0	0	0	0	0	0	0	0	0	0	0	0	0	0	0	0	100.922372257993	0	0	0	0	0	0	89.200263884114	0	0	0	0	0	0	0	0	0	0	0	0	0	0	0	0	0	0	0	0
AGATGCCATACTGAATTGTT	0	0	0	0	0	0	0	0	0	0	0	0	0	0	0	0	0	0	0	0	0	0	0	0	0	0	0	0	74.1148671269632	0	0	0	0	0	0	75.0304302983563	0	0	0	0	0	0	0	0	0	0	0	0	0	0	0	0	0	0	0	0
CTTTGGAGTGTATTTTGTTT	2577.14177250708	0	0	0	0	0	0	2058.59293845755	0	0	0	0	0	0	882.41645441933	0	0	0	0	0	0	693.179590880625	0	0	0	0	0	0	1628.82886379847	0	0	0	0	0	0	1440.21259396226	0	0	0	0	0	0	3235.86850035981	0	0	0	0	0	0	2747.6754912285	0	0	0	0	0	0
TATAAGATCTATTTGATTGG	167.446543371873	0	0	0	0	0	0	87.4996777524866	0	0	0	0	0	0	123.650713358123	0	0	0	0	0	0	103.737911186962	0	0	0	0	0	0	159.995924288813	0	0	0	0	0	0	137.400927311077	0	0	0	0	0	0	252.319472497821	0	0	0	0	0	0	289.594200768986	0	0	0	0	0	0
CAGGTGTTGCAAGGAGCGTG	0	0	0	0	0	0	0	0	0	0	0	0	0	0	0	0	0	0	0	0	0	0	0	0	0	0	0	0	39.4228016632783	0	0	0	0	0	0	51.6850487349358	0	0	0	0	0	0	0	0	0	0	0	0	0	0	0	0	0	0	0	0
TATTTATGATTGTATCAAAG	0	0	0	0	0	0	0	0	0	0	0	0	0	0	55.90905460451	0	0	0	0	0	0	85.2132841892906	0	0	0	0	0	0	122.877840261234	0	0	0	0	0	0	102.905512762142	0	0	0	0	0	0	59.4753042316293	0	0	0	0	0	0	99.5926497359162	0	0	0	0	0	0
TTACGATATACTGGTCGAGG	221.831596147657	0	0	0	0	0	0	283.426165891503	0	0	0	0	0	0	701.673426041787	0	0	0	0	0	0	543.787437673594	0	0	0	0	0	0	2784.58410763759	0	0	0	0	0	0	2694.12672012488	0	0	0	0	0	0	149.975604826511	0	0	0	0	0	0	289.288075821027	0	0	0	0	0	0
AGAAACTCACCGCAAGGTGA	102.333027984782	0	0	0	0	0	0	61.1132931269534	0	0	0	0	0	0	228.812982733272	0	0	0	0	0	0	146.762851310587	0	0	0	0	0	0	210.578411346004	0	0	0	0	0	0	175.613019521849	0	0	0	0	0	0	456.492270141466	0	0	0	0	0	0	674.495302002465	0	0	0	0	0	0
TTGCCTTAGGGAGTTTCAGG	381.438109149728	0	0	0	0	0	0	212.607535890791	0	0	0	0	0	0	2969.09619611358	0	0	0	0	0	149.071689930885	2760.16942265311	0	0	0	0	0	33.6259964022247	17772.1628925905	0	0	0	0	0	0	17947.8364290161	0	0	0	0	0	0	975.420736283669	0	0	0	0	0	0	1555.31881892913	0	0	0	0	0	0
TACGTATTTGTTTAACGATC	2432.05994734801	0	0	0	0	0	0	3113.13844814696	0	0	0	0	0	0	3100.14228706489	0	0	0	0	0	141.671600059914	2675.55370707665	0	0	0	0	0	34.3480269998185	15044.347619348	0	0	0	0	0	0	15151.3849270137	0	0	0	0	0	0	3095.03303969011	0	0	0	0	0	0	3268.29198605703	0	0	0	0	0	0
GGTGTAGTATAAATGATTAT	0	0	0	0	0	0	0	0	0	0	0	0	0	0	0	0	0	0	0	0	0	0	0	0	0	0	0	0	304.950533481482	0	0	0	0	0	0	284.441987307546	0	0	0	0	0	0	0	0	0	0	0	0	0	0	0	0	0	0	0	0
GAAAATCGGTTTTTTTTTTA	0	0	0	0	0	0	0	0	0	0	0	0	0	0	340.335276838565	0	0	0	0	0	0	347.545905220837	0	0	0	0	0	0	223.315008806447	0	0	0	0	0	0	158.191092981983	0	0	0	0	0	0	0	0	0	0	0	0	0	0	0	0	0	0	0	0
TATATTAGTTCAAAACCTTC	0	0	0	0	0	0	0	0	0	0	0	0	0	0	102.204118337874	0	0	0	0	0	0	214.766159450428	0	0	0	0	0	0	852.381622424175	0	0	0	0	0	0	826.728487405109	0	0	0	0	0	0	108.008182360037	0	0	0	0	0	0	173.062637246018	0	0	0	0	0	0
GATTCTTGTGTGTAGCGTAT	392.084045125564	0	0	0	0	0	0	247.486090280863	0	0	0	0	0	0	12125.6090093448	0	0	0	0	0	0	10653.0946883321	0	0	0	0	0	0	7665.61215726423	0	0	0	0	0	0	7642.99917303922	0	0	0	0	0	0	1040.04541750505	0	0	0	0	0	0	1538.4819467914	0	0	0	0	0	0
TCTAAACCCCTGTGCAGTAG	0	0	0	0	0	0	0	0	0	0	0	0	0	0	0	0	0	0	0	0	0	0	0	0	0	0	0	0	58.8309501744307	0	0	0	0	0	0	55.4017263967739	0	0	0	0	0	0	0	0	0	0	0	0	0	0	0	0	0	0	0	0
GCACTGAAAATTAGTATCGG	0	0	0	0	0	0	0	0	0	0	0	0	0	0	206.183127298114	0	0	0	0	0	0	239.864041189209	0	0	0	0	0	0	88.913580366717	0	0	0	0	0	0	102.673220408277	0	0	0	0	0	0	76.9831859967842	0	0	0	0	0	0	35.2043690152573	0	0	0	0	0	0
GAAGTATTACTCCATCTGCT	545.005900654436	0	0	0	0	0	0	205.480179124124	0	0	0	0	0	0	16354.5817322341	0	0	0	0	0	116.083337494026	15765.5331985219	0	0	0	0	0	36.4109715643721	12414.7860979432	0	0	0	0	0	0	12541.4641851649	0	0	0	0	0	0	1496.15148437228	0	0	0	0	0	0	1167.15238491743	0	0	0	0	0	0
CATCATTTGGTGGTTATTGC	0	0	0	0	0	0	0	0	0	0	0	0	0	0	73.8058683800277	0	0	0	0	0	0	84.4962018538969	0	0	0	0	0	0	74.9639736243262	0	0	0	0	0	0	66.9001979130855	0	0	0	0	0	0	0	0	0	0	0	0	0	0	0	0	0	0	0	0
AGCTCAGTGATACGATGGAG	0	0	0	0	0	0	0	0	0	0	0	0	0	0	0	0	0	0	0	0	0	0	0	0	0	0	0	0	67.5646170044493	0	0	0	0	0	0	59.8152811202066	0	0	0	0	0	0	0	0	0	0	0	0	0	0	0	0	0	0	0	0
TTCGCAAAAGCGCGCTAAGT	0	0	0	0	0	0	0	0	0	0	0	0	0	0	0	0	0	0	0	0	0	0	0	0	0	0	0	0	192.868475829577	0	0	0	0	0	0	177.819796883566	0	0	0	0	0	0	0	0	0	0	0	0	0	0	0	0	0	0	0	0
TGATACGGGGAGACACTAAT	0	0	0	0	0	0	0	0	0	0	0	0	0	0	0	0	0	0	0	0	0	0	0	0	0	0	0	0	136.220942362651	0	0	0	0	0	0	127.412356094887	0	0	0	0	0	0	0	0	0	0	0	0	0	0	0	0	0	0	0	0
TTAAGGACTACATCGTCTTC	0	0	0	0	0	0	0	0	0	0	0	0	0	0	0	0	0	0	0	0	0	0	0	0	0	0	0	0	188.744244270957	0	0	0	0	0	0	155.403584735605	0	0	0	0	0	0	0	0	0	0	0	0	0	0	0	0	0	0	0	0
TTCTGTGCTATGGATACGAA	78.4003036980185	0	0	0	0	0	0	90.0776578595789	0	0	0	0	0	0	1125.1327470278	0	0	0	0	0	0	1038.57424909528	0	0	0	0	0	0	203.300355654321	0	0	0	0	0	0	192.221922823188	0	0	0	0	0	0	0	0	0	0	0	0	0	0	0	0	0	0	0	0
GTGCTCTTGGGTGTCTCAAA	0	0	0	0	0	0	0	0	0	0	0	0	0	0	0	0	0	0	0	0	0	0	0	0	0	0	0	0	56.6475334669261	0	0	0	0	0	0	55.7501649275712	0	0	0	0	0	0	254.765426567953	0	0	0	0	0	0	144.797100384493	0	0	0	0	0	0
TTCATCTGTTTGACTCTGGG	3708.08678500986	0	0	0	0	0	64.3120453726829	3457.98119894272	0	0	0	0	0	51.835226743947	1232.80944478463	0	0	0	0	0	51.8006290967967	1037.97668048245	0	0	0	0	0	73.6471209545657	2657.33943396135	0	0	0	0	0	134.305991460966	2461.95051243693	0	0	0	0	0	139.249575156122	5797.55481833642	0	0	0	0	0	153.732282655466	5357.59475587556	0	0	0	0	0	139.095509405303
GTGTATTGCGTGCTAAAGCT	0	0	0	0	628.721020457001	33288.0849867819	0	0	0	0	0	158.283832676446	32070.9394195841	0	0	0	0	0	192.173133210474	59772.0245512022	0	0	0	0	0	451.623575212252	54449.7162237372	0	0	0	0	0	66.8835347893224	81873.9796737226	0	0	0	0	0	38.6413212838891	76416.5426224433	0	0	0	0	287.145013229232	0	81557.9302805971	0	0	0	0	56.0017071152355	0	73185.6919841398	0
CCGGTTATGCAGACGAGGTC	0	5915.14384184935	0	0	0	0	0	0	5779.46093079677	0	0	0	0	0	54.577886637736	1882.21508768799	0	0	0	0	0	48.2835439165125	2064.79513616545	0	0	0	0	0	0	1593.58487623777	0	0	0	0	0	0	1326.01516367244	0	0	0	0	0	0	15147.6849830854	0	0	0	0	0	0	12575.6283646726	0	0	0	0	0
CACATCAATCCATGTATACA	0	6137.67284493867	0	0	0	0	0	0	5829.8568991193	0	0	0	0	0	53.5425337746895	3901.89248477645	0	0	0	0	0	51.8689555934812	3734.70976852372	0	0	0	0	0	0	18070.424816021	0	0	0	0	0	0	19746.4438210027	0	0	0	0	0	0	6397.66952839906	0	0	0	0	0	0	5983.15119355948	0	0	0	0	0
GCTTAGTTGGTCCTACGAGA	612.34763519926	0	0	0	0	0	0	500.583078441869	0	0	0	0	0	0	235.025099911551	0	0	0	0	0	0	119.155181397928	0	0	0	0	0	0	0	0	0	0	0	0	0	0	0	0	0	0	0	0	588.959993202822	0	0	0	0	0	0	613.372354060033	0	0	0	0	0	0
ATAGGAGTGTCGAGTAATCT	0	0	0	0	0	0	0	0	0	0	0	0	0	0	1627.13097805348	0	0	0	0	0	0	1019.33253976222	0	0	0	0	0	0	0	0	0	0	0	0	0	0	0	0	0	0	0	0	0	0	0	0	0	0	0	0	0	0	0	0	0	0
TTCTATGGAAACGGCTTAGT	923.555577562658	0	0	0	0	0	0	1185.11261981921	0	0	0	0	0	0	204.85195933134	0	0	0	0	0	0	91.5475114852687	0	0	0	0	0	0	0	0	0	0	0	0	0	0	0	0	0	0	0	0	1148.05359986509	0	0	0	0	0	0	1120.41730952906	0	0	0	0	0	0
ATCAAAAAGAAGTGTCTGGA	0	0	0	0	0	0	0	0	0	0	0	0	0	0	52.6550884635068	0	0	0	0	0	0	84.3766881313312	0	0	0	0	0	0	0	0	0	0	0	0	0	0	0	0	0	0	0	0	0	0	0	0	0	0	0	0	0	0	0	0	0	0
ATGCGTTGGAGGCCTTATAC	46.2974424995667	18445.9541104775	0	0	0	0	0	122.378232142559	16936.7930017653	0	0	0	0	0	173.495558336218	23120.2681567256	0	0	0	0	0	138.157863285862	20288.8008529647	0	0	0	0	0	0	18889.708572491	0	0	0	0	0	0	19710.1185361384	0	0	0	0	0	0	24876.2436267251	0	0	0	0	0	0	23281.8674415503	0	0	0	0	0
GGATTGGCTTTCACTTTTCT	0	0	0	0	0	0	0	0	0	0	0	0	0	0	62.8607095421078	0	0	0	0	0	0	76.6082961645656	0	0	0	0	0	0	0	0	0	0	0	0	0	0	0	0	0	0	0	0	0	0	0	0	0	0	0	0	0	0	0	0	0	0
TAATCGAGAATAACTTTATG	0	10441.4329541821	0	0	0	0	0	0	12166.9280156218	0	0	0	0	0	101.316673026691	13713.4857848988	0	0	0	0	0	97.4036838909844	12674.4684273535	0	0	0	0	0	0	9641.27846651193	0	0	0	0	0	0	11231.7211735628	0	0	0	0	0	0	2277.30747978289	0	0	0	0	0	0	3086.0233166986	0	0	0	0	0
TAAATTGTTGTCGCAGTGAA	29.0493756860027	13026.8756436071	0	0	0	0	0	90.5325955255364	13354.0440052467	0	0	0	0	0	125.12978887676	15578.8653172408	0	0	0	0	0	104.454993522356	16889.4690465785	0	0	0	0	0	0	10875.6020176212	0	0	0	0	0	0	11342.9732862148	0	0	0	0	0	0	14466.8228303285	0	0	0	0	0	0	16417.8475921754	0	0	0	0	0
GGTGCATACAAACTTGTGAT	0	0	0	0	0	0	742.025484688146	0	0	0	0	0	0	982.48856703193	128.531662569627	0	0	0	0	0	280.93594196903	68.9594179203656	0	0	0	0	0	268.595382304887	0	0	0	0	0	0	170.474359336858	0	0	0	0	0	0	130.481582022845	0	0	0	0	0	0	142.734202904135	0	0	0	0	0	0	176.6427634779
GAGGACAATGTGCACTGGAA	36.3942462429749	23662.1793727056	0	0	0	0	0	122.074940365254	25427.6753750111	0	0	0	0	0	224.967386384814	20577.9309439191	0	0	0	0	0	208.073390986753	22693.9562215032	0	0	0	0	0	0	14939.6333015456	0	0	0	0	0	0	13978.7852748866	0	0	0	0	0	0	8628.85071343588	0	0	0	0	0	0	7671.27806672141	0	0	0	0	0
TTTTTGCGTCGATTGGGTAC	0	0	13085.5409632503	0	0	0	0	0	0	13583.7764435731	0	0	0	0	0	0	13386.5158633739	0	0	0	0	0	0	13802.0046253697	0	0	0	0	0	0	15781.952670533	0	0	0	0	0	0	15295.6639314411	0	0	0	0	50.3351600748205	0	4289.58865108973	0	0	0	0	33.5717026261439	0	6637.96512507108	0	0	0	0
CTTATCTCTGAAAATGTGTG	0	290.645761843708	23895.7895860768	0	0	0	0	0	71.3038847303175	23857.576612934	0	0	0	0	0	214.905863992283	29311.4582549393	0	0	0	0	0	61.4954497637692	28147.0312335588	0	0	0	0	0	0	48133.0690228727	0	0	0	0	0	0	46778.8457813214	0	0	0	0	150.748011374974	0	12558.2031359569	0	0	0	0	91.6334010889885	0	16982.3765245623	0	0	0	0
ATTGGTGGTGCTTAATGTAA	0	0	0	114.762974626429	34850.1439459314	0	0	0	0	0	400.245813067843	33257.0495933012	0	0	0	0	23.9393059751504	199.228446993528	23016.8225404303	0	0	0	0	62.6865203831937	111.641019338771	22539.7606984906	0	0	0	0	0	0	28358.728575853	0	0	0	0	0	0	27908.6497796376	0	0	81.4888908628167	0	181.972455190598	0	51854.6243022436	0	0	128.1643115454	0	333.257840327323	0	47574.8360085644	0	0
GATGACAGATTTCCCGACTC	0	0	11650.9868590162	0	0	0	0	0	0	10364.4883697866	0	0	0	0	0	0	8558.80360809779	0	0	0	0	0	0	8293.5385869115	0	0	0	0	0	0	7656.93616946378	0	0	0	0	0	0	7616.59576776153	0	0	0	0	150.61927695023	0	16340.4427645788	0	0	0	0	81.4292361570298	0	19777.7239781643	0	0	0	0
TCATTTAGGTTGTTATTTTC	56.118112120687	0	0	0	0	0	0	125.259504026957	0	0	0	0	0	0	0	0	0	0	0	0	0	0	0	0	0	0	0	0	0	0	0	0	0	0	0	0	0	0	0	0	0	0	162.334109601915	0	0	0	0	0	0	190.817884227626	0	0	0	0	0	0
TTGTAGTGAATTATGTCGTC	0	0	5339.04370968826	0	0	0	0	0	0	5917.524278881	0	0	0	0	0	0	5044.3128021531	0	0	0	0	0	0	5551.89884186654	0	0	0	0	0	0	1181.80658106645	0	0	0	0	0	0	1089.34424324136	0	0	0	0	59.9902419306044	0	5754.48444643909	0	0	0	0	42.1432011689891	0	9866.5335717871	0	0	0	0
TTTCGGGCATAGGGTAAATT	0	93.2461752493426	11627.4177156122	0	0	0	0	0	34.5177865222837	13548.9697210122	0	0	0	0	0	0	15240.5936087787	0	0	0	0	0	0	16756.3307788576	0	0	0	0	0	0	14291.0260584886	0	0	0	0	0	0	16274.30127773	0	0	0	0	74.6659663513961	0	7540.9876300805	0	0	0	0	41.2248263251129	0	7914.27023703621	0	0	0	0
TACGAAATTTAAAGTCTATT	0	0	0	0	0	0	0	0	0	0	0	0	0	0	0	0	0	0	0	0	0	0	0	0	0	0	0	0	0	0	0	0	0	0	0	0	0	0	0	0	0	0	121.010359259159	0	0	0	0	0	0	81.8374027543082	0	0	0	0	0	0
TAAGGAGGTTAAGATTTGCG	0	0	0	0	0	0	928.423427653704	0	0	0	0	0	0	1087.89046859478	0	0	0	0	0	0	565.794823146768	0	0	0	0	0	0	584.225900681597	0	0	0	0	0	0	1110.49848729041	0	0	0	0	0	0	990.783224060296	0	0	0	0	0	0	1131.91915688881	0	0	0	0	0	0	1091.24077555939
GCCCGACTTAAAGTGGCATT	0	0	0	0	0	0	68.9482186989947	0	0	0	0	0	0	63.6307167545737	0	0	0	0	0	0	125.623212387929	0	0	0	0	0	0	200.827653359299	0	0	0	0	0	0	103.556988152798	0	0	0	0	0	0	97.3708711116546	0	0	0	0	0	0	93.9252066354546	0	0	0	0	0	0	86.472463924769
TGTTGTTTTAAAAATTTGGA	0	0	0	0	0	0	162.384942660046	0	0	0	0	0	0	109.62230624555	0	0	0	0	0	0	158.968195661943	0	0	0	0	0	0	225.686135362171	0	0	0	0	0	0	0	0	0	0	0	0	0	0	0	0	0	0	0	0	28.7395076713613	0	0	0	0	0	0	32.9960717607671
ATGAATTCTGAAGCATTCGT	0	0	0	0	0	0	3326.75155222649	0	0	0	0	0	0	3511.16026499813	0	0	0	0	0	0	5510.65969572257	0	0	0	0	0	0	6220.1904510422	0	0	0	0	0	0	10144.4614094118	0	0	0	0	0	0	9898.60277414688	0	0	0	0	38.5933380813704	0	10596.3688675671	0	0	0	0	69.7332951482174	0	10609.6593155591
TTCGCTTTTCAAGTTTGCGC	0	0	0	0	0	0	132.071501680316	0	0	0	0	0	0	162.864334550397	0	0	0	0	0	0	0	0	0	0	0	0	0	0	0	0	0	0	0	0	0	0	0	0	0	0	0	0	0	0	0	0	0	0	46.8020474089487	0	0	0	0	0	0	64.0010012601086
ATTGTAGTTTGGTAGCTTTA	0	0	0	0	0	0	1448.98247883111	0	0	0	0	0	0	851.764237372874	0	0	0	0	0	0	233.682356045963	0	0	0	0	0	0	388.246167048999	0	0	0	0	0	0	158.104070649664	0	0	0	0	0	0	174.090811027828	0	0	0	0	0	0	177.012889428357	0	0	0	0	0	0	205.561734417653
ATGACATAGCATTTAGCTTC	0	0	0	0	0	29041.5972496609	0	0	0	0	0	0	29796.6616582882	0	0	0	0	0	175.321027682786	13154.0395828571	0	0	0	0	0	411.872493918726	14491.5300367371	0	0	0	0	0	0	3100.81917913484	0	0	0	0	0	0	4526.76598686191	0	0	0	0	0	0	2730.11254225684	0	0	0	0	0	0	4417.43926931592	0
AGATAGAATATTTGCGTATA	0	0	0	0	0	0	217.186888901833	0	0	0	0	0	0	190.026426226244	0	0	0	0	0	0	167.170704916513	0	0	0	0	0	0	214.649381941808	0	0	0	0	0	0	130.064749625357	0	0	0	0	0	0	139.364943486823	0	0	0	0	0	0	135.669742917879	0	0	0	0	0	0	114.064006690238
ACAAATTTTTGAAGCTTCTT	0	0	0	0	0	0	496.189422154489	0	0	0	0	0	0	305.708800734134	0	0	0	0	0	0	222.359326966284	0	0	0	0	0	0	230.946644001782	0	0	0	0	0	0	327.046870434774	0	0	0	0	0	0	335.145000686442	0	0	0	0	0	0	325.928494820466	0	0	0	0	0	0	322.849495245437
TATAGGGTTTAGTCTGCTGG	0	0	0	0	0	0	0	0	0	0	0	0	0	0	0	0	0	0	0	0	28.9762555188622	0	0	0	0	0	0	46.1068110177743	0	0	0	0	0	0	0	0	0	0	0	0	0	0	0	0	0	0	0	0	29.221175397697	0	0	0	0	0	0	36.9783562836183
AATCAATTCAATTCAAGAGT	0	0	0	0	0	0	0	0	0	0	0	0	0	0	0	0	0	0	0	0	0	0	0	0	0	0	0	0	0	0	0	0	0	0	78.3451616855638	0	0	0	0	0	0	56.5304820434962	0	0	0	0	0	0	64.2223635114219	0	0	0	0	0	0	66.3714087141867
TGTTGTCTTTCGTCTCAGCT	0	0	0	0	0	0	335.587623081486	0	0	0	0	0	0	335.792711036466	0	0	0	0	0	0	73.1093216168216	0	0	0	0	0	0	70.9652930206459	0	0	0	0	0	0	0	0	0	0	0	0	0	0	0	0	0	0	0	0	0	0	0	0	0	0	0	0
CTATCAAGTATTAAAATAAA	0	0	0	0	0	0	173.321556660576	0	0	0	0	0	0	107.457996151857	0	0	0	0	0	0	357.344098829538	0	0	0	0	0	0	431.877444589309	0	0	0	0	0	0	242.222033722585	0	0	0	0	0	0	189.204062349661	0	0	0	0	0	0	118.249426815406	0	0	0	0	0	0	123.924901699203
ACAACTTGGTAATTTCTCAT	0	0	0	0	0	0	0	0	0	0	0	0	0	0	0	0	0	0	0	0	0	0	0	0	0	0	0	0	0	0	0	0	0	0	72.8079848446292	0	0	0	0	0	0	71.4129967039268	0	0	0	0	0	0	47.5245489984522	0	0	0	0	0	0	58.7861048611368
GCGTTGCCACGGCCCCTGGT	0	0	0	0	0	295.930296500568	33707.2387308297	0	0	0	0	0	168.161205073273	36608.22307977	0	0	0	0	75.2924480886165	157.013502302614	37063.2163821941	0	0	0	0	45.6496288403071	68.2085047340479	34875.2124832901	0	0	0	0	0	0	31831.2268498883	0	0	0	0	0	0	32303.5940696063	0	0	0	0	66.0934219799315	0	33450.0574790153	0	0	0	0	154.104218091562	0	32857.3555165545
TATTGTTTTTAATCAGTGAT	0	0	0	0	0	0	723.243038904627	0	0	0	0	0	0	775.039444551458	0	0	0	0	0	0	151.924736628127	0	0	0	0	0	0	146.159622398627	0	0	0	0	0	0	0	0	0	0	0	0	0	0	0	0	0	0	0	0	0	0	0	0	0	0	0	0
TGGAAATAGTAGTCTAAGTC	0	0	0	0	0	0	907.025704609188	0	0	0	0	0	0	646.046562967356	0	0	0	0	0	0	676.885328920621	0	0	0	0	0	0	1221.46947667222	0	0	0	0	0	0	883.474236812094	0	0	0	0	0	0	962.633351369249	0	0	0	0	0	0	867.563853084921	0	0	0	0	0	0	906.91789193028
ATAAAGTCCTTTGTTTTAAG	0	0	0	0	0	0	741.312227253329	0	0	0	0	0	0	917.667479725825	0	0	0	0	0	0	819.894294619867	0	0	0	0	0	0	1046.22233591339	0	0	0	0	0	0	554.895806825572	0	0	0	0	0	0	574.303550229641	0	0	0	0	0	0	541.715636218844	0	0	0	0	0	0	522.437802878812
CGTTCTAAAGAGATTTTCTC	0	0	0	0	0	0	532.090046373621	0	0	0	0	0	0	769.953315831279	0	0	0	0	0	0	646.660865471716	0	0	0	0	0	0	792.170712788606	0	0	0	0	0	0	204.87554311458	0	0	0	0	0	0	173.398601043622	0	0	0	0	45.4916642118569	0	137.114746096886	0	0	0	0	128.82930798569	0	185.74512810156
ACTGTCTATGGCTGTATCGA	0	0	0	0	0	0	90.7025704609188	0	0	0	0	0	0	45.666942976922	0	0	0	0	0	0	0	0	0	0	0	0	0	0	0	0	0	0	0	0	89.0660785477988	0	0	0	0	0	0	93.2176112064182	0	0	0	0	0	0	73.6148841749674	0	0	0	0	0	0	70.0692443425485
ATTGACGGTTGTGTGTGATT	0	0	0	0	0	125.459781585926	12600.881348437	0	0	0	0	0	58.92477998909	14239.6453994343	0	0	0	0	0	0	13367.9502999265	0	0	0	0	0	0	14373.7725479841	0	0	0	0	0	0	13014.8396339337	0	0	0	0	0	0	12270.460285029	0	0	0	0	0	0	11531.2859243846	0	0	0	0	0	0	11824.6353602213
TCGACTCAATATGCCCCGGG	0	0	0	0	0	0	8546.84496517521	0	0	0	0	0	0	7749.42050597241	0	0	0	0	0	0	2744.54176503734	0	0	0	0	0	0	2127.82417110887	0	0	0	0	0	0	8168.2783385642	0	0	0	0	0	0	8443.57738734571	0	0	0	0	39.33910306845	0	7787.44324348625	0	0	0	0	75.3701456034839	0	8271.01532136562
TTACTCCTTTGTTGTGGAGG	0	0	0	0	0	0	113.17017965766	0	0	0	0	0	0	112.544124872035	0	0	0	0	0	0	297.073487350304	0	0	0	0	0	0	152.24530886406	0	0	0	0	0	0	102.261053147473	0	0	0	0	0	0	111.330439126477	0	0	0	0	0	0	111.506078646706	0	0	0	0	0	0	102.496418314337
CATTCGTATTATGTTGTGGA	0	0	0	0	0	0	44.5785896760741	0	0	0	0	0	0	162.106826017605	0	0	0	0	0	0	111.892925157453	0	0	0	0	0	0	157.299523047217	0	0	0	0	0	0	225.846127746204	0	0	0	0	0	0	225.891191512583	0	0	0	0	0	0	239.629693851993	0	0	0	0	0	0	225.757605926398
CGTTCAGTTGTCTGATTGAT	0	0	0	0	0	0	9459.93335798034	0	0	0	0	0	0	8286.60227122701	0	0	0	0	0	0	15327.9933809317	0	0	0	0	0	0	13860.8213820078	0	0	0	0	0	0	609.560701595649	0	0	0	0	0	0	891.104986334621	0	490.365310743813	0	0	0	0	671.605366420695	0	369.45596709552	0	0	0	0	623.322344124376
CTTATTTGGTTTCTAGAGGG	0	0	0	0	0	0	1180.32217838331	0	0	0	0	0	0	1185.50085382033	0	0	0	0	0	0	845.393399476466	0	0	0	0	0	0	690.158104071427	0	0	0	0	0	0	4819.22884798447	0	0	0	0	0	0	4942.84076055418	0	0	0	0	0	0	4952.82867400086	0	0	0	0	0	0	4857.91303638765
TACGCTTTCTATTAAATTTA	0	0	0	0	0	0	1142.99503929454	0	0	0	0	0	0	933.899805428523	0	0	0	0	0	0	1655.30203065599	0	0	0	0	0	0	1457.05774594425	0	0	0	0	0	0	1225.3654536715	0	0	0	0	0	0	1404.49405795413	0	0	0	0	0	0	1071.30930132491	0	0	0	0	0	0	1288.64830833502
TTAAGTAAAGTTGTTTGACG	0	0	0	0	0	0	104.373337961582	0	0	0	0	0	0	37.9836421443119	0	0	0	0	0	0	29.7786749024615	0	0	0	0	0	0	73.7502681827934	0	0	0	0	0	0	0	0	0	0	0	0	0	0	0	0	0	0	0	0	0	0	0	0	0	0	0	0
AGCTATCTTCTCCATGGGCG	0	0	0	0	0	22666.1629266345	0	0	0	0	0	0	24741.981923354	0	0	0	0	0	136.787850715968	7569.05964688597	0	0	0	0	0	333.396165687636	10762.946562969	0	0	0	0	0	0	1983.10088402609	0	0	0	0	0	0	1656.36145426479	0	0	0	0	0	0	1165.49119073831	0	0	0	0	0	0	2591.96745780887	0
GGGCATTACAAAATTAGTCG	0	0	0	0	0	0	700.537677229613	0	0	0	0	0	0	785.860995019922	0	0	0	0	0	0	59.8248229327893	0	0	0	0	0	0	90.9758552968165	0	0	0	0	0	0	0	0	0	0	0	0	0	0	0	0	0	0	0	0	0	0	0	0	0	0	0	0
ACATTACCCGGAAGCAAATG	0	0	0	0	0	0	547.42508122219	0	0	0	0	0	0	652.106631229696	0	0	0	0	0	0	464.244192266817	0	0	0	0	0	0	259.415278992623	0	0	0	0	0	0	4614.23549259668	0	0	0	0	0	0	4517.59309359025	0	0	0	0	0	0	5117.71959231644	0	0	0	0	0	0	4950.3589270967
GGCACTTTTTGATAGATTTC	0	0	0	0	0	0	1318.09973954216	0	0	0	0	0	0	1148.16650470413	0	0	0	0	0	0	251.157267066569	0	0	0	0	0	0	364.831746241315	0	0	0	0	0	0	62.3226925288169	0	0	0	0	0	0	69.5671034127106	0	0	0	0	0	0	86.0579671053054	0	0	0	0	0	0	80.3094045441659
CCGAAATGGCGCGGCTATTG	0	0	0	0	0	0	11565.7070580389	0	0	0	0	0	0	11009.1961535881	0	0	0	0	0	0	2293.76038687313	0	0	0	0	0	0	2778.88947568201	0	0	0	0	0	0	5121.29951649843	0	0	0	0	0	0	5381.47115387943	0	0	0	0	0	0	4992.48598346916	0	0	0	0	0	0	4947.79888704629
GGTTGTGTTACGCATTGGGG	0	0	0	0	0	83.0967384530157	3286.45250715932	0	0	0	0	0	54.1397050479806	2651.17164926922	0	0	0	0	0	0	13121.9641799987	0	0	0	0	0	0	15106.1178684006	0	0	0	0	0	0	8533.49638551946	0	0	0	0	0	0	8705.23276137561	0	0	0	0	0	0	8882.67537521916	0	0	0	0	0	0	8709.91996556272
TAGCGTTTAGTGATATGAAA	0	0	0	0	0	0	239.060116902894	0	0	0	0	0	0	490.973744754253	0	0	0	0	0	0	200.694003609104	0	0	0	0	0	0	224.860957536349	0	0	0	0	0	0	743.39544396377	0	0	0	0	0	0	632.910662225755	0	0	0	0	0	0	464.889633868306	0	0	0	0	0	0	390.737964730233
ATTGCATTAGTTGCAGTTCA	0	0	0	0	0	0	0	0	0	0	0	0	0	0	0	0	0	0	0	0	0	0	0	0	0	0	0	0	0	0	0	0	0	0	73.1614216642633	0	0	0	0	0	0	71.6437333653288	0	0	0	0	0	0	65.105421009704	0	0	0	0	0	0	66.9403065031654
TGGTTCGGCTATGTGGTCCC	0	0	0	0	0	0	2832.82077861559	0	0	0	0	0	0	2714.26128850037	0	0	0	0	0	0	823.549760700708	0	0	0	0	0	0	606.402554750549	0	0	0	0	0	0	5775.51106964119	0	0	0	0	0	0	5503.3001110997	0	0	0	0	29.9238201065698	0	5021.3860470493	0	0	0	0	32.8210163605039	0	5358.82753958343
TCTCGGAAGTTGGAGTATTT	0	631.871157738951	0	0	0	0	0	0	559.977119638648	0	0	0	0	0	0	1595.00051348444	0	0	0	0	0	0	1468.20386310999	0	0	0	0	0	0	1042.39763451308	0	0	0	0	0	0	822.298223949649	0	0	0	0	0	0	632.643531238914	0	0	0	0	0	0	369.543703017414	0	0	0	0	0
TTGGTAGTGAGCTTTACGAT	0	696.779905876969	0	0	0	0	0	0	276.438158919889	0	0	0	0	0	0	1124.6150971159	0	0	0	0	0	0	968.410983201208	0	0	0	0	0	0	855.269865831789	0	0	0	0	0	0	857.485379784173	0	0	0	0	0	0	538.298614974783	0	0	0	0	0	0	428.239034764482	0	0	0	0	0
ATGCTTTTCGCGCTTTTTTT	0	89.7173635713285	0	0	0	0	0	0	47.9304121423711	0	0	0	0	0	0	68.7732435885996	0	0	0	0	0	0	51.5309092927881	0	0	0	0	0	0	194.924759043009	0	0	0	0	0	0	131.26421475736	0	0	0	0	0	0	0	0	0	0	0	0	0	0	0	0	0	0	0
CGCTTAAGCTTACCATCAGA	0	2543.20388297605	0	0	0	0	0	0	2534.39450871328	0	0	0	0	0	0	1052.2222091279	0	0	0	0	0	0	1380.94295869983	0	0	0	0	0	0	6722.80499727105	0	0	0	0	0	0	5921.68534146716	0	0	0	0	0	0	3687.91614715144	0	0	0	0	0	0	4688.34445824823	0	0	0	0	0
GGACGAACTTGCATCTTGAA	0	3074.66430842242	0	0	0	0	0	0	2941.4085229346	0	0	0	0	0	0	1543.98878078592	0	0	0	0	0	0	1836.18010764551	0	0	0	0	0	0	1162.3513323857	0	0	0	0	0	0	852.553487322191	0	0	0	0	0	0	1049.20677038901	0	0	0	0	0	0	1075.64240242011	0	0	0	0	0
GCGCGGCAACAAATTGCCGC	0	621.819391140972	0	0	0	0	0	0	705.149067526653	0	0	0	0	0	0	663.236702857499	0	0	0	0	0	0	481.856707061016	0	0	0	0	0	0	984.81985953422	0	0	0	0	0	0	800.673772385575	0	0	0	0	0	0	373.765646086731	0	0	0	0	0	0	143.009552687176	0	0	0	0	0
TTTGGCGAGAACTCAGGCGC	0	2619.55453564581	0	0	0	0	0	0	2695.24739390712	0	0	0	0	0	0	784.368523572303	0	0	0	0	0	0	951.755965556854	0	0	0	0	0	0	3707.76880124272	0	0	0	0	0	0	3319.06878282791	0	0	0	0	0	0	3243.77223691606	0	0	0	0	0	0	3780.89181809887	0	0	0	0	0
TATAGGGTTTTCGTCTGGTT	0	173.125639597117	0	0	0	0	0	0	208.191563852974	0	0	0	0	0	0	376.948084197979	0	0	0	0	0	0	319.14999622771	0	0	0	0	0	0	214.117350702629	0	0	0	0	0	0	156.492741582113	0	0	0	0	0	0	0	0	0	0	0	0	0	0	0	0	0	0	0
AGCTTTACTTTATGTCGGGT	0	1088.69186951096	0	0	0	0	0	0	1317.00148919593	0	0	0	0	0	0	2469.77596926501	0	0	0	0	0	0	1917.31993719492	0	0	0	0	0	0	1645.164966323	0	0	0	0	0	0	1548.14001263323	0	0	0	0	0	0	439.959256691404	0	0	0	0	0	0	354.365388529757	0	0	0	0	0
ATCGATTTTGAAGTGAGACC	0	0	0	0	0	0	0	0	0	0	0	0	0	0	0	0	0	0	0	0	0	0	0	0	0	0	0	0	0	436.031691766978	0	0	0	0	0	0	355.66532177753	0	0	0	0	0	0	80.4594749591283	0	0	0	0	0	0	234.07943961312	0	0	0	0	0
ACCTATAATTTGCTTTGATG	0	217.503119790324	0	0	0	0	0	0	115.486651478841	0	0	0	0	0	0	205.814664105418	0	0	0	0	0	0	138.791813702951	0	0	0	0	0	0	362.859936064679	0	0	0	0	0	0	252.759488676565	0	0	0	0	0	0	79.4133115731349	0	0	0	0	0	0	108.792543148526	0	0	0	0	0
CTCAACAAAGATAGTTGGGT	0	0	0	0	0	0	0	0	0	0	0	0	0	0	0	0	0	0	0	0	0	0	0	0	0	0	0	0	0	508.003910490551	0	0	0	0	0	0	368.374429275714	0	0	0	0	0	0	0	0	0	0	0	0	0	0	0	0	0	0	0
GGATTGTCATCTTAGTCTAC	0	422.922732925631	0	0	0	0	0	0	602.680552679073	0	0	0	0	0	0	961.478565812711	0	0	0	0	0	0	1347.77527398928	0	0	0	0	0	0	1161.75156389634	0	0	0	0	0	0	939.99973443656	0	0	0	0	0	0	679.530672083891	0	0	0	0	0	0	697.149635369509	0	0	0	0	0
TCGATGTTTACCTTGGATTA	0	741.157386070176	545.095759531464	0	0	0	0	0	961.566910263617	769.085527269398	0	0	0	0	0	1200.88016283349	1242.76534821297	0	0	0	0	0	1054.67543356427	1252.38712508423	0	0	0	0	0	2112.38461953686	632.320974399141	0	0	0	0	0	1819.014721699	677.994994459812	0	0	0	0	0	973.502583548035	236.581722812824	0	0	0	0	0	988.081952369923	174.793524262009	0	0	0	0
TGCTTCCAGCGGAGCATTGA	0	318.341586831758	0	0	0	0	0	0	182.549779579277	0	0	0	0	0	0	497.069771592021	0	0	0	0	0	0	714.74225292566	0	0	0	0	0	0	207.519897319635	0	0	0	0	0	0	176.59968777327	0	0	0	0	0	0	150.742633345412	0	0	0	0	0	0	250.661528851081	0	0	0	0	0
ACAATTAAAATCGTATTTTT	0	3152.0842979643	0	0	0	0	0	0	2617.03995187234	0	0	0	0	0	0	4238.77194725084	0	0	0	0	0	0	5228.10968396748	0	0	0	0	0	0	2741.54176487876	0	0	0	0	0	0	2218.59285520533	0	0	0	0	0	0	2643.74998216767	0	0	0	0	0	0	4009.88257424214	0	0	0	0	0
AGTGTGTTTGTCGTCTCTTG	0	108.216891459099	0	0	0	0	0	0	464.116295353906	0	0	0	0	0	0	174.584708938501	0	0	0	0	0	0	266.33793173151	0	0	0	0	0	0	467.819421703223	0	0	0	0	0	0	413.520214120008	0	0	0	0	0	0	65.8131875552208	0	0	0	0	0	0	47.3773978227454	0	0	0	0	0
TTGGCCTCCATAAGGTATTT	0	0	0	0	0	0	0	0	0	0	0	0	0	0	0	0	0	0	0	0	0	0	0	0	0	0	0	0	0	412.640720681817	0	0	0	0	0	0	277.798327329703	0	0	0	0	0	0	0	0	0	0	0	0	0	0	0	0	0	0	0
TAAAGTAATGACCAAGGTTA	0	85.8677508316768	0	0	0	0	0	0	152.864483170114	0	0	0	0	0	0	75.5074657270182	0	0	0	0	0	0	178.649975586876	0	0	0	0	0	0	302.283318639005	0	0	0	0	0	0	187.696445812728	0	0	0	0	0	0	76.4650329398808	0	0	0	0	0	0	147.835028391344	0	0	0	0	0
TCCTAATTTGCTAAGGGTGG	0	770.884951115265	0	0	0	0	0	0	667.278124599347	0	0	0	0	0	0	392.100084009421	0	0	0	0	0	0	467.763999823485	0	0	0	0	0	0	275.893505107029	0	0	0	0	0	0	260.347015541152	0	0	0	0	0	0	4018.50377712535	0	0	0	0	0	0	3726.14460283703	0	0	0	0	0
CGGCATGGACTTGCCCGGTA	0	0	0	0	0	0	0	0	0	0	0	0	0	0	0	214.316619555171	0	0	0	0	0	0	130.820181326166	0	0	0	0	0	0	0	0	0	0	0	0	0	0	0	0	0	0	0	0	0	0	0	0	0	0	0	0	0	0	0	0	0
ACGAGGATGGTATTTAACGG	0	225.309278956841	0	0	0	0	0	0	131.266211031885	0	0	0	0	0	0	386.796884075417	0	0	0	0	0	0	449.116074084935	0	0	0	0	0	0	0	0	0	0	0	0	0	0	0	0	0	0	0	0	0	0	0	0	0	0	0	0	0	0	0	0	0
TTACAGGGATGATATATTAC	0	176.868318649556	0	0	0	0	0	0	219.730366776137	0	0	0	0	0	0	235.108530407538	0	0	0	0	0	0	305.341990146493	0	0	0	0	0	0	0	0	0	0	0	0	0	0	0	0	0	0	0	0	0	0	0	0	0	0	0	0	0	0	0	0	0
GCTAGCTGCATTAGTTGTAG	0	0	679.313331197874	64361.7398664418	0	0	0	0	0	117.86605228828	66771.2590609301	0	0	0	0	0	308.343994925441	70966.6603264713	0	0	0	0	0	95.1491827244905	72709.8414371782	0	0	0	0	0	116.497549041178	69441.3264456577	0	0	0	0	0	33.2217547285308	70450.0114964986	0	0	0	0	137.237615089861	0	31970.3345360773	0	0	0	0	66.1528851080556	0	33364.0058916294	0	0	0
GTCATTGTGCTTACACAATA	0	156.657851766384	0	0	0	0	0	0	32.5453415781532	0	0	0	0	0	0	218.357152838222	0	0	0	0	0	0	111.602853274989	0	0	0	0	0	0	0	0	0	0	0	0	0	0	0	0	0	0	0	0	0	0	0	0	0	0	0	0	0	0	0	0	0
TAATGTCTGGGGAAGTTTTT	0	353.950504673537	0	0	0	0	0	0	212.037831494028	0	0	0	0	0	0	139.819287148916	0	0	0	0	0	0	138.507112546638	0	0	0	0	0	0	0	0	0	0	0	0	0	0	0	0	0	0	0	0	486.656186011654	0	0	0	0	0	0	607.30805135008	0	0	0	0	0
ACTGTTTATTCAAGGAGACT	0	142.542605054328	0	0	0	0	0	0	54.4394804580017	0	0	0	0	0	0	32.8293329247905	0	0	0	0	0	0	59.502541669573	0	0	0	0	0	0	0	0	0	0	0	0	0	0	0	0	0	0	0	0	1362.48515161285	0	0	0	0	0	0	1403.86248622546	0	0	0	0	0
TGCCTTTTTATTATGATCCC	0	285.619878544718	0	0	0	0	0	0	270.816690829117	0	0	0	0	0	0	98.5721765511018	0	0	0	0	0	0	132.386037685892	0	0	0	0	0	0	0	0	0	0	0	0	0	0	0	0	0	0	0	0	123.542385309584	0	0	0	0	0	0	125.111424620805	0	0	0	0	0
GGCAGTTTTTTAACTCGACA	0	103.404875534535	0	0	0	0	0	0	138.564257325167	0	0	0	0	0	0	202.615908589669	0	0	0	0	0	0	206.123637171152	0	0	0	0	0	0	0	0	0	0	0	0	0	0	0	0	0	0	0	0	39.754208667749	0	0	0	0	0	0	82.8227102679104	0	0	0	0	0
TGAGTGCTTTACACTACAGG	0	0	0	0	0	0	0	0	0	0	0	0	0	0	0	96.9727987932274	0	0	0	0	0	0	125.837911090676	0	0	0	0	0	0	0	0	0	0	0	0	0	0	0	0	0	0	0	0	46.2214005084354	0	0	0	0	0	0	76.5057238915444	0	0	0	0	0
AATGATGATTGCATCTTCCG	0	647.483476071983	0	0	0	0	0	0	659.191100328412	0	0	0	0	0	0	67.5947547143764	0	0	0	0	0	0	56.5131795282787	0	0	0	0	0	0	0	0	0	0	0	0	0	0	0	0	0	0	0	0	2411.5968162395	0	0	0	0	0	0	2517.67001466945	0	0	0	0	0
CAGTGAGAGTTAGGTCTAGG	0	0	0	0	0	0	0	0	0	0	0	0	0	0	0	161.116264661664	0	0	0	0	0	0	138.507112546638	0	0	0	0	0	0	0	0	0	0	0	0	0	0	0	0	0	0	0	0	0	0	0	0	0	0	0	0	0	0	0	0	0
GGTTCTGTTGGTGTTGGTGC	0	0	0	0	0	0	0	0	0	0	0	0	0	0	0	73.4871990854926	0	0	0	0	0	0	51.1038575583175	0	0	0	0	0	0	0	0	0	0	0	0	0	0	0	0	0	0	0	0	0	0	0	0	0	0	0	0	0	0	0	0	0
GTCCCTTTTTAGGTCAAGCA	0	40.8486685151937	0	0	0	0	0	0	97.142913498427	0	0	0	0	0	0	137.546487177199	0	0	0	0	0	0	58.6484382006318	0	0	0	0	0	0	0	0	0	0	0	0	0	0	0	0	0	0	0	0	205.808869753609	0	0	0	0	0	0	308.040821769739	0	0	0	0	0
GTGTACAGAAATACGGATTA	0	433.829969021311	0	0	0	0	0	0	303.756521396097	0	0	0	0	0	0	113.134931925432	0	0	0	0	0	0	165.26902124013	0	0	0	0	0	0	0	0	0	0	0	0	0	0	0	0	0	0	0	0	310.330102590586	0	0	0	0	0	0	156.608620580742	0	0	0	0	0
TGAGTGCCGCCTAAGAATAA	0	0	0	0	0	0	0	0	0	0	0	0	0	0	0	69.0257769187903	0	0	0	0	0	0	52.5273633398862	0	0	0	0	0	0	0	0	0	0	0	0	0	0	0	0	0	0	0	0	0	0	0	0	0	0	0	0	0	0	0	0	0
TTTTTTGGTCGTGCCTGTAA	0	725.545067737144	0	0	0	0	0	0	576.841523910964	0	0	0	0	0	0	143.859820431967	0	0	0	0	0	0	161.283205051737	0	0	0	0	0	0	0	0	0	0	0	0	0	0	0	0	0	0	0	0	1072.1272591185	0	0	0	0	0	0	1867.89777712268	0	0	0	0	0
TCGTAGTCACTAACGAACAT	0	0	0	0	0	0	0	0	0	0	0	0	0	0	0	124.667287337474	0	0	0	0	0	0	69.7517832968679	0	0	0	0	0	0	0	0	0	0	0	0	0	0	0	0	0	0	0	0	0	0	0	0	0	0	0	0	0	0	0	0	0
ACACGCCCCGAGCGTCCCAT	0	0	0	0	0	0	0	0	0	0	0	0	0	0	0	138.640798274692	0	0	0	0	0	0	114.022813103655	0	0	0	0	0	0	0	0	0	0	0	0	0	0	0	0	0	0	0	0	0	0	0	0	0	0	0	0	0	0	0	0	0
GAAAGCTACACAAAGGTTTA	0	0	0	0	0	0	0	0	0	0	0	0	0	0	0	55.2206215350323	0	0	0	0	0	0	112.599307322087	0	0	0	0	0	0	0	0	0	0	0	0	0	0	0	0	0	0	0	0	0	0	0	0	0	0	0	0	0	0	0	0	0
TAAGGCGATGATAAGGTAGT	0	0	0	0	0	0	0	0	0	0	0	0	0	0	0	0	0	0	0	0	0	0	0	0	0	0	0	0	0	0	0	0	0	0	0	0	0	0	0	0	0	0	0	322.313428648328	0	0	0	0	0	0	209.425645560913	0	0	0	0	0
GCAAATGGATGAGCCTGTGT	0	282.732668989979	0	0	0	0	0	0	144.678836651972	0	0	0	0	0	0	0	0	0	0	0	0	0	0	0	0	0	0	0	0	0	0	0	0	0	0	0	0	0	0	0	0	0	0	442.717323799932	0	0	0	0	0	0	426.045636717132	0	0	0	0	0
GGATTTATCTTATCTAAGTA	0	0	0	0	0	0	0	0	0	0	0	0	0	0	0	0	0	0	0	0	0	0	0	0	0	0	0	0	0	0	0	0	0	0	0	0	0	0	0	0	0	0	0	168.051882095484	0	0	0	0	0	0	107.476504320117	0	0	0	0	0
CGATTAATATTTTAGCGAGA	0	0	0	15334.5490076488	0	0	0	0	0	0	13606.5300378543	0	0	0	0	0	0	11118.8737862184	0	0	0	0	0	0	9585.72890184622	0	0	0	0	0	0	15046.0255799967	0	0	0	0	0	0	13978.6789792173	0	0	0	0	53.3543326856631	0	13301.4822736859	0	0	0	0	30.1811571315267	0	10683.7308795287	0	0	0
TATGTGGCGTTTGCTCTGCC	0	0	0	0	0	0	0	0	0	0	0	0	0	0	0	0	0	0	0	0	0	0	0	0	0	0	0	0	0	0	0	0	0	0	0	0	0	0	0	0	0	0	0	70.3782641486465	0	0	0	0	0	0	49.1321162606248	0	0	0	0	0
CGTCGATGAAAATAATCATC	0	66.7266208206305	0	0	0	0	0	0	57.5953923686105	0	0	0	0	0	0	0	0	0	0	0	0	0	0	0	0	0	0	0	0	0	0	0	0	0	0	0	0	0	0	0	0	0	0	73.8020715937158	0	0	0	0	0	0	102.124613084584	0	0	0	0	0
CATAGTATGTCTTACAATTG	0	0	0	10451.1479409257	0	0	0	0	0	0	9761.3602874825	0	0	0	0	0	0	8823.47920659771	0	0	0	0	0	0	9445.51133511702	0	0	0	0	0	0	9151.24481612296	0	0	0	0	0	0	8885.26494445131	0	0	0	0	91.3966376308774	0	23231.1881463797	0	0	0	0	32.7254988664519	0	23824.5626818364	0	0	0
GCAAGGTTTAGAGTAAAAGT	0	0	0	8298.03521306456	0	0	0	0	0	0	7195.74350457244	0	0	0	0	0	0	6712.80378070727	0	0	0	0	0	0	6371.23748295402	0	0	0	0	0	0	5147.04874068763	0	0	0	0	0	0	4995.99283894402	0	0	0	0	68.5712546637488	0	17472.0101436011	0	0	0	0	32.5500270226639	0	21517.3548041241	0	0	0
ACACTATTTGGTTGGTATAG	0	146.606085168405	0	0	0	0	0	0	112.330739568232	0	0	0	0	0	0	0	0	0	0	0	0	0	0	0	0	0	0	0	0	0	0	0	0	0	0	0	0	0	0	0	0	0	0	1177.40933805438	0	0	0	0	0	0	901.311125616784	0	0	0	0	0
CGTAGATTGTTTTTGTGTAG	0	0	960.640321426171	0	0	0	0	0	0	593.049335906806	0	0	0	0	0	0	1592.89561674175	0	0	0	0	0	0	1364.88704112907	0	0	0	0	0	0	73.5947689410274	0	0	0	0	0	0	52.9804659956453	0	0	0	0	0	0	1214.11390984825	0	0	0	0	0	0	1992.8733655705	0	0	0	0
TGTTCTTATAGTGCTCGGGA	0	0	4966.99924468014	0	0	0	0	0	0	5454.64254926343	0	0	0	0	0	0	1138.40717605783	0	0	0	0	0	0	1052.68578157778	0	0	0	0	0	0	0	0	0	0	0	0	0	0	0	0	0	0	0	0	3789.16439931559	0	0	0	0	0	0	3885.71258179691	0	0	0	0
TGCTGTGGGATACTTGGGCT	0	0	2662.83865814065	0	0	0	0	0	0	2453.63553833126	0	0	0	0	0	0	1872.7848078584	0	0	0	0	0	0	1654.5883174714	0	0	0	0	0	0	281.618248862526	0	0	0	0	0	0	289.01958049544	0	0	0	0	0	0	4749.5161426047	0	0	0	0	0	0	6641.01797703829	0	0	0	0
TCAGGACGTTTGTTCATGTT	0	0	223.906862338012	0	0	0	0	0	0	250.131598019545	0	0	0	0	0	0	132.812975963933	0	0	0	0	0	0	155.708839023254	0	0	0	0	0	0	0	0	0	0	0	0	0	0	0	0	0	0	0	0	126.136013015063	0	0	0	0	0	0	52.8924352458149	0	0	0	0
TAGGGTCTACATATCCGTCA	0	0	661.596928102249	0	0	0	0	0	0	651.982362050946	0	0	0	0	0	0	1838.81106225295	0	0	0	0	0	0	668.954724660653	0	0	0	0	0	0	365.993716392822	0	0	0	0	0	0	420.356896565084	0	0	0	0	0	0	0	0	0	0	0	0	0	0	0	0	0	0
TGTTTTATTTTGGTGGATTG	0	0	4749.34057807674	0	0	0	0	0	0	5107.62429337585	0	0	0	0	0	0	1146.07635491813	0	0	0	0	0	0	941.081387252696	0	0	0	0	0	0	0	0	0	0	0	0	0	0	0	0	0	0	0	0	2970.2883509579	0	0	0	0	0	0	2769.22072048726	0	0	0	0
AGGGGCTAGTGTGCCATTGG	0	0	276.027887516659	0	0	0	0	0	0	273.781097184184	0	0	0	0	0	0	658.760961729364	0	0	0	0	0	0	637.947285113966	0	0	0	0	0	0	145.429423826664	0	0	0	0	0	0	118.358554747127	0	0	0	0	0	0	229.481641468683	0	0	0	0	0	0	493.284080654929	0	0	0	0
CTTCCAATCTTTCTGGAAAT	0	0	961.431232278654	0	0	0	0	0	0	851.954135229362	0	0	0	0	0	0	614.896125631184	0	0	0	0	0	0	778.544195116272	0	0	0	0	0	0	0	0	0	0	0	0	0	0	0	0	0	0	0	0	2998.16274438305	0	0	0	0	0	0	3513.40663491227	0	0	0	0
TAGATAACTGTGCAGTACCC	0	0	451.531005682695	0	0	0	0	0	0	314.404833652474	0	0	0	0	0	0	1245.99070380843	0	0	0	0	0	0	1165.52151826752	0	0	0	0	0	0	40.9226517878359	0	0	0	0	0	0	47.4596496121869	0	0	0	0	0	0	0	0	0	0	0	0	0	0	0	0	0	0
GTGTTGCTAGGGTCTTCGGT	0	0	2624.55857288046	0	0	0	0	0	0	2348.07104004394	0	0	0	0	0	0	5175.76396131007	0	0	0	0	0	0	5108.05588951053	0	0	0	0	0	0	4475.53001434493	0	0	0	0	0	0	4613.56222444346	0	0	0	0	0	0	1012.06838517854	0	0	0	0	0	0	1339.06606868633	0	0	0	0
TGCCTGTTGGTTTCAGGGTA	0	0	0	0	0	0	0	0	0	0	0	0	0	0	0	0	0	0	0	0	0	0	0	0	0	0	0	0	0	0	152.579887176689	0	0	0	0	0	0	185.092633487529	0	0	0	0	0	0	0	0	0	0	0	0	0	0	0	0	0	0
TTTGTATAAAAGAGACTAGT	0	0	51.2510232409154	0	0	0	0	0	0	55.0232299112762	0	0	0	0	0	0	226.061589956959	0	0	0	0	0	0	247.947576158525	0	0	0	0	0	0	63.914141636378	0	0	0	0	0	0	68.8649201515609	0	0	0	0	0	0	0	0	0	0	0	0	0	0	0	0	0	0
TTGTATGTAAGCTAGTATTC	0	0	369.276277024435	0	0	0	0	0	0	496.544121573683	0	0	0	0	0	0	578.700468393307	0	0	0	0	0	0	640.521910058276	0	0	0	0	0	0	44.6628941555413	0	0	0	0	0	0	71.9643258405201	0	0	0	0	0	0	126.136013015063	0	0	0	0	0	0	174.722527704632	0	0	0	0
GTGGTCGTTTTACGGCGGGG	0	0	283.620631700498	0	0	0	0	0	0	141.038747034276	0	0	0	0	0	0	523.439375857855	0	0	0	0	0	0	466.007114920064	0	0	0	0	0	0	171.831134657526	0	0	0	0	0	0	129.690756797384	0	0	0	0	0	0	55.3981655493535	0	0	0	0	0	0	56.0162837704	0	0	0	0
ACAGTTCTGGATTTTTCTTT	0	0	660.885108335014	0	0	0	0	0	0	714.062297358122	0	0	0	0	0	0	1387.54797716448	0	0	0	0	0	0	1626.60326372891	0	0	0	0	0	0	901.948446259318	0	0	0	0	0	0	975.24737131655	0	0	0	0	0	0	375.252447336681	0	0	0	0	0	0	380.896530327244	0	0	0	0
CAAATCCGATGTAAGGTAAT	0	0	106.693873999992	0	0	0	0	0	0	39.47940586355	0	0	0	0	0	0	238.031242944535	0	0	0	0	0	0	135.559600328656	0	0	0	0	0	0	162.810550123648	0	0	0	0	0	0	196.134266254446	0	0	0	0	0	0	0	0	0	0	0	0	0	0	0	0	0	0
GTGTCTATGCCGTGGGAGTG	0	0	290.659738287599	0	0	0	0	0	0	267.773361509296	0	0	0	0	0	0	314.221309566046	0	0	0	0	0	0	123.358116896928	0	0	0	0	0	0	1693.88976405671	0	0	0	0	0	0	1547.95942877953	0	0	0	0	0	0	636.114695239965	0	0	0	0	0	0	560.659813605638	0	0	0	0
AAAGGTGGTCCCTGAATAAC	0	0	4663.36856841181	0	0	0	0	0	0	4029.66486371022	0	0	0	0	0	0	1977.50135285749	0	0	0	0	0	0	1936.67765919578	0	0	0	0	0	0	459.939804099306	0	0	0	0	0	0	433.3356578876	0	0	0	0	0	0	3073.02039213486	0	0	0	0	0	0	3203.93264130622	0	0	0	0
ATATCTAGAGTTTCATACGG	0	0	0	0	0	0	0	0	0	0	0	0	0	0	0	0	0	0	0	0	0	0	0	0	0	0	0	0	0	0	210.223622490737	0	0	0	0	0	0	218.50810107162	0	0	0	0	0	0	96.6838237356596	0	0	0	0	0	0	109.760677704738	0	0	0	0
CCGATTTGCGCTTACTAGGG	0	0	0	0	0	0	0	0	0	0	0	0	0	0	0	0	0	0	0	0	0	0	0	0	0	0	0	0	0	0	61.2739705532918	0	0	0	0	0	0	72.6423208349799	0	0	0	0	0	0	0	0	0	0	0	0	0	0	0	0	0	0
CATGTTATGCGTGGTGTCAT	0	0	3161.2706773756	0	0	0	0	0	0	2777.0042950542	0	0	0	0	0	0	2554.12325875594	0	0	0	0	0	0	3221.97520748119	0	0	0	0	0	0	2094.97575442889	0	0	0	0	0	0	1841.14383566951	0	0	0	0	0	0	973.587697399793	0	0	0	0	0	0	1021.49846753931	0	0	0	0
CTGGGACTTAATGTAAGTGA	0	0	558.857608364673	0	0	0	0	0	0	599.724597767792	0	0	0	0	0	0	360.953128415741	0	0	0	0	0	0	312.313199766269	0	0	0	0	0	0	134.31870385201	0	0	0	0	0	0	149.449468064499	0	0	0	0	0	0	1012.33135115425	0	0	0	0	0	0	813.265564752765	0	0	0	0
AATGATTTGAGGGATAGAGT	0	0	0	0	0	0	0	0	0	0	0	0	0	0	0	0	58.2714244245428	0	0	0	0	0	0	57.7611509245142	0	0	0	0	0	0	319.790722438814	0	0	0	0	0	0	265.192899261567	0	0	0	0	0	0	62.7612128692042	0	0	0	0	0	0	100.176142458852	0	0	0	0
AAGTTTGTGCTTTTGGAACG	0	0	0	0	0	0	0	0	0	0	0	0	0	0	0	0	26.6629395890897	0	0	0	0	0	0	36.1566894353064	0	0	0	0	0	0	177.331491080622	0	0	0	0	0	0	159.909962264736	0	0	0	0	0	0	145.24487391658	0	0	0	0	0	0	143.342049344027	0	0	0	0
GTATGCATACATAGTCGATC	0	0	0	0	0	0	0	0	0	0	0	0	0	0	0	0	81.2789610054509	0	0	0	0	0	0	40.7462382490759	0	0	0	0	0	0	173.81126296984	0	0	0	0	0	0	119.908257591607	0	0	0	0	0	0	0	0	0	0	0	0	0	0	0	0	0	0
AAGTGAATTCCGTGAGTTGA	0	0	82.3338197435076	0	0	0	0	0	0	40.719097352019	0	0	0	0	0	0	155.462139700902	0	0	0	0	0	0	135.783480758596	0	0	0	0	0	0	0	0	0	0	0	0	0	0	0	0	0	0	0	0	0	0	0	0	0	0	0	0	0	0	0	0
AACGTTTCTGCGTGATGACC	0	0	0	0	0	0	0	0	0	0	0	0	0	0	0	0	77.3368597221177	0	0	0	0	0	0	72.0894984406728	0	0	0	0	0	0	0	0	0	0	0	0	0	0	0	0	0	0	0	0	0	0	0	0	0	0	0	0	0	0	0	0
TTTATATAGCTTACACAGTT	0	0	80.9101802090377	0	0	0	0	0	0	64.7500400515712	0	0	0	0	0	0	118.621411343934	0	0	0	0	0	0	213.358049732799	0	0	0	0	0	0	0	0	0	0	0	0	0	0	0	0	0	0	0	0	0	0	0	0	0	0	0	0	0	0	0	0
CGTTCCAGAGTGTTTGGATC	0	0	529.514815737544	0	0	0	0	0	0	220.760445831204	0	0	0	0	0	0	209.50476456696	0	0	0	0	0	0	137.574524198116	0	0	0	0	0	0	0	0	0	0	0	0	0	0	0	0	0	0	0	0	739.723289669294	0	0	0	0	0	0	1629.29999524323	0	0	0	0
AGATGAGGCGTCGTATGGGA	0	0	1334.89933682125	0	0	0	0	0	0	1520.33856928159	0	0	0	0	0	0	284.619712656654	0	0	0	0	0	0	280.746059144732	0	0	0	0	0	0	0	0	0	0	0	0	0	0	0	0	0	0	0	0	3584.48921488878	0	0	0	0	0	0	5340.21905277813	0	0	0	0
CGGGTCCCTATTTGTTAATG	0	0	255.938751863584	0	0	0	0	0	0	219.425393459006	0	0	0	0	0	0	145.857747483327	0	0	0	0	0	0	318.469911589618	0	0	0	0	0	0	0	0	0	0	0	0	0	0	0	0	0	0	0	0	320.292558413509	0	0	0	0	0	0	477.309855245119	0	0	0	0
CGAGAAGGTCAAGTGGTAAG	0	0	33.5346201452903	0	0	0	0	0	0	84.0129385647043	0	0	0	0	0	0	118.048014793631	0	0	0	0	0	0	128.059605925667	0	0	0	0	0	0	0	0	0	0	0	0	0	0	0	0	0	0	0	0	0	0	0	0	0	0	0	0	0	0	0	0
TTGGGTTCACCATTTAGATT	0	0	313.517061924365	0	0	0	0	0	0	304.678023512179	0	0	0	0	0	0	105.003243274238	0	0	0	0	0	0	175.074496213063	0	0	0	0	0	0	0	0	0	0	0	0	0	0	0	0	0	0	0	0	611.220582872851	0	0	0	0	0	0	231.164790819293	0	0	0	0
ATTCCTTATATGGACTAATA	0	0	156.204893365444	0	0	0	0	0	0	188.909910665924	0	0	0	0	0	0	61.640129157573	0	0	0	0	0	0	97.8357478837702	0	0	0	0	0	0	0	0	0	0	0	0	0	0	0	0	0	0	0	0	34.7115087935822	0	0	0	0	0	0	31.0254955737196	0	0	0	0
CTAATAAAAGTCAATCCGCA	0	0	172.655839097096	0	0	0	0	0	0	254.518198671051	0	0	0	0	0	0	66.5856744039364	0	0	0	0	0	0	62.2387595233138	0	0	0	0	0	0	0	0	0	0	0	0	0	0	0	0	0	0	0	0	290.928024459342	0	0	0	0	0	0	617.386062949808	0	0	0	0
CTAGGCTGGTTTTTTACCAT	0	0	287.337912707169	0	0	0	0	0	0	233.252721599622	0	0	0	0	0	0	421.231440766344	0	0	0	0	0	0	357.872867259054	0	0	0	0	0	0	0	0	0	0	0	0	0	0	0	0	0	0	0	0	60.6574850635326	0	0	0	0	0	0	64.464874098255	0	0	0	0
TTGGCTACGGAATTGTATAT	0	0	73.3174360251984	0	0	0	0	0	0	116.149556381169	0	0	0	0	0	0	117.187919968176	0	0	0	0	0	0	112.611856259809	0	0	0	0	0	0	0	0	0	0	0	0	0	0	0	0	0	0	0	0	0	0	0	0	0	0	0	0	0	0	0	0
TTAGTCGCGAATAGTGCCCA	0	0	214.495023193461	0	0	0	0	0	0	267.678000625567	0	0	0	0	0	0	192.374542626658	0	0	0	0	0	0	399.73850765783	0	0	0	0	0	0	0	0	0	0	0	0	0	0	0	0	0	0	0	0	342.819976999243	0	0	0	0	0	0	437.977762458298	0	0	0	0
TTAATATAGTTGTGACATGC	0	0	345.548951449937	0	0	0	0	0	0	494.827625666573	0	0	0	0	0	0	632.599744121789	0	0	0	0	0	0	761.081521580954	0	0	0	0	0	0	0	0	0	0	0	0	0	0	0	0	0	0	0	0	664.427365291296	0	0	0	0	0	0	902.579233932947	0	0	0	0
GGTTTTATAAGAAACGTAGT	0	0	0	0	0	0	0	0	0	0	0	0	0	0	0	0	115.252706610904	0	0	0	0	0	0	221.977446285488	0	0	0	0	0	0	0	0	0	0	0	0	0	0	0	0	0	0	0	0	0	0	0	0	0	0	0	0	0	0	0	0
CCGGACCAAGTATCGGAAAC	0	0	74.18743796293	0	0	0	0	0	0	42.3402323754015	0	0	0	0	0	0	0	0	0	0	0	0	0	0	0	0	0	0	0	0	0	0	0	0	0	0	0	0	0	0	0	0	0	0	63.1118341701495	0	0	0	0	0	0	140.360193934196	0	0	0	0
ACGGTTCAAAGCTTTTAATC	0	0	0	0	0	0	0	0	0	0	0	0	0	0	0	0	0	0	0	0	0	0	0	0	0	0	0	0	0	0	0	0	0	0	0	0	0	0	0	0	0	0	0	0	56.099408151244	0	0	0	0	0	0	157.115381475152	0	0	0	0
TTTGGGTGGATAGCATCGCG	0	0	0	119.119486678409	25705.9773560981	0	0	0	0	0	383.226227980198	26038.1832642936	0	0	0	0	0	141.191273940334	34393.9647781139	0	0	0	0	0	84.9893171093564	33870.7423065629	0	0	0	0	0	0	29037.0088892501	0	0	0	0	0	0	28006.4995770823	0	0	0	0	37.8671005020897	0	9843.07240259377	0	0	0	0	70.4285849179173	0	9967.31535905374	0	0
GGAGGGGTGAATATGCCTGT	0	0	31.2409786730889	0	0	0	0	0	0	57.9794173068561	0	0	0	0	0	0	0	0	0	0	0	0	0	0	0	0	0	0	0	0	0	0	0	0	0	0	0	0	0	0	0	0	0	0	0	0	0	0	0	0	0	0	0	0	0	0
CAGTTCCGTTATGGGGTATA	0	0	0	0	0	0	0	0	0	0	0	0	0	0	0	0	0	0	0	0	0	0	0	0	0	0	0	0	0	0	0	195.01368328054	0	0	0	0	0	0	162.280054704726	0	0	0	0	0	0	0	0	0	0	0	0	0	0	0	0	0
CATCCTATGTTTCGGCGGTT	0	0	0	0	0	0	0	0	0	0	0	0	0	0	0	0	0	0	0	0	0	0	0	0	0	0	0	0	0	0	0	176.207742954139	0	0	0	0	0	0	167.197632120021	0	0	0	0	0	0	55.6869990847342	0	0	0	0	0	0	130.531860079006	0	0	0
TATGGGATTATTTCTGTTTT	0	0	0	217.950074371884	0	0	0	0	0	0	270.028853336867	0	0	0	0	0	0	154.115518359743	0	0	0	0	0	0	179.010599974237	0	0	0	0	0	0	77.5745038464025	0	0	0	0	0	0	80.143221119533	0	0	0	0	0	0	261.014959812549	0	0	0	0	0	0	371.401656109963	0	0	0
AGGACAAGTCGAGCTAGAAG	0	0	0	0	0	0	0	0	0	0	0	0	0	0	0	0	0	0	0	0	0	0	0	0	0	0	0	0	0	0	0	348.399634067744	0	0	0	0	0	0	315.256584569705	0	0	0	0	0	0	62.1124220560497	0	0	0	0	0	0	60.061310419128	0	0	0
TGGTGTACAGTTAAGTTCAA	0	0	0	0	0	0	0	0	0	0	0	0	0	0	0	0	0	0	0	0	0	0	0	0	0	0	0	0	0	0	0	48.7779077216016	0	0	0	0	0	0	46.3847167010233	0	0	0	0	0	0	0	0	0	0	0	0	0	0	0	0	0
GAGGACTGTATATCGGCGTC	0	0	0	0	0	0	0	0	0	0	0	0	0	0	0	0	0	148.872664491492	0	0	0	0	0	0	48.713389074875	0	0	0	0	0	0	328.026532047477	0	0	0	0	0	0	328.281519345351	0	0	0	0	0	0	90.9554318383992	0	0	0	0	0	0	45.5924678744854	0	0	0
TTTCTATCTAAAGTTTCACG	0	0	0	0	0	0	0	0	0	0	0	0	0	0	0	0	0	80.4717105359416	0	0	0	0	0	0	58.0414848551702	0	0	0	0	0	0	0	0	0	0	0	0	0	0	0	0	0	0	0	0	0	0	0	0	0	0	0	0	0	0	0
GTCGGTGGGGGGATTGGTCA	0	0	0	86.009995083365	20185.9953402749	0	0	0	0	0	254.379973088495	21727.6591634611	0	0	0	0	0	112.172687413737	26496.9301573849	0	0	0	0	0	76.2534813786037	26095.5590348437	0	0	0	0	0	0	18687.5232005693	0	0	0	0	0	0	17716.4225615457	0	0	0	0	0	0	8057.89746477193	0	0	0	0	0	0	10151.4221682782	0	0
CTTGATGACCGTGCTTAGTG	0	0	0	537.469115441346	0	0	0	0	0	0	527.607137717	0	0	0	0	0	0	998.702698484693	0	0	0	0	0	0	746.247662423617	0	0	0	0	0	0	0	0	0	0	0	0	0	0	0	0	0	0	0	0	247.164603629936	0	0	0	0	0	0	292.499622665078	0	0	0
AAAACGGGAAAATGTAGATC	0	0	0	355.117968122779	0	0	0	0	0	0	447.649355426049	0	0	0	0	0	0	329.568232694924	0	0	0	0	0	0	287.098059015753	0	0	0	0	0	0	0	0	0	0	0	0	0	0	0	0	0	0	0	0	11886.0329866937	0	0	0	0	0	0	9337.50396852246	0	0	0
TCAGTCTGTCATAGATTAGA	0	0	0	0	911.640299888221	0	0	0	0	0	0	1022.24153955174	0	0	0	0	0	0	198.086152693873	0	0	0	0	0	0	225.042411839154	0	0	0	0	0	0	74.3516470482286	0	0	0	0	0	0	94.1993500422918	0	0	0	0	0	0	1811.4631536164	0	0	0	0	0	0	2098.09028961592	0	0
ATGTGTCTGGTGGATGGGAT	0	0	0	0	4419.90152212851	0	0	0	0	0	0	4258.68269610785	0	0	0	0	0	0	5237.94975904446	0	0	0	0	0	0	5527.58019780651	0	0	0	0	0	0	8634.01637273787	0	0	0	0	0	0	9948.18145394649	0	0	0	0	0	0	6577.83362728903	0	0	0	0	0	0	7308.90395079575	0	0
AGCTTAAGAATGTGGTATGA	0	0	0	0	5282.64475138637	0	0	0	0	0	0	5712.11462666797	0	0	0	0	0	0	7115.43199534842	0	0	0	0	0	0	7160.83672179244	0	0	0	0	0	0	9468.90739321149	0	0	0	0	0	0	9946.13364198905	0	0	0	0	0	0	6966.19074431074	0	0	0	0	0	0	7009.33262418118	0	0
TATATATGTCTGATCAGCTA	0	0	0	0	4193.44178399719	0	0	0	0	0	0	4209.79802549296	0	0	0	0	0	0	973.972859240571	0	0	0	0	0	0	1075.07440504813	0	0	0	0	0	0	825.995180871089	0	0	0	0	0	0	896.852602056715	0	0	0	0	0	0	3866.23213426753	0	0	0	0	0	0	3904.97361135734	0	0
AGTTTGCAATCTTTGCTTAA	0	0	0	0	409.512966529334	0	0	0	0	0	0	302.671015036964	0	0	0	0	0	0	452.937292428378	0	0	0	0	0	0	518.559266938769	0	0	0	0	0	0	2377.8249781997	0	0	0	0	0	0	2547.03289854427	0	0	0	0	0	0	750.705680119024	0	0	0	0	0	0	506.861956259859	0	0
TTCGTTGGGTGGGATAACAC	0	0	0	0	945.516024668158	0	0	0	0	0	0	1053.18868990068	0	0	0	0	0	0	336.746459579584	0	0	0	0	0	0	289.926434853748	0	0	0	0	0	0	492.456108366702	0	0	0	0	0	0	528.424520322308	0	0	0	0	0	0	2687.73701343496	0	0	0	0	0	0	2560.49386083344	0	0
GCTGATATATGGGCTATATT	0	0	0	0	533.413170923233	0	0	0	0	0	0	403.101416965543	0	0	0	0	0	0	431.551871963418	0	0	0	0	0	0	567.029940257972	0	0	0	0	0	0	1232.8974738012	0	0	0	0	0	0	1566.48711213996	0	0	0	0	0	0	1340.23290240546	0	0	0	0	0	0	1913.25614484887	0	0
TTATGGGGTTGATGACTCAT	0	0	0	0	0	0	0	0	0	0	0	0	0	0	0	0	0	0	0	0	0	0	0	0	0	0	0	0	0	0	0	0	58.5368210881918	0	0	0	0	0	0	71.1392066954547	0	0	0	0	0	0	0	0	0	0	0	0	0	0	0	0
TGTATATGGGCGTGTTTGAG	0	0	0	0	233.918613312228	0	0	0	0	0	0	283.846474538084	0	0	0	0	0	0	77.9533068561461	0	0	0	0	0	0	61.2936027687269	0	0	0	0	0	0	43.6005965703793	0	0	0	0	0	0	58.1400525308285	0	0	0	0	0	0	651.146054343895	0	0	0	0	0	0	797.796173305876	0	0
TAATTGGGATCTTGTCTGAG	0	0	0	0	0	0	0	0	0	0	0	0	0	0	0	0	0	0	0	0	0	0	0	0	0	0	0	0	0	0	0	0	74.2418218679506	0	0	0	0	0	0	75.5019365178293	0	0	0	0	0	0	0	0	0	0	0	0	0	0	0	0
CTGTATTACGATTGGCGTAC	0	0	0	0	1209.16654321538	0	0	0	0	0	0	1201.41962660391	0	0	0	0	0	0	266.775729026027	0	0	0	0	0	0	344.552114308722	0	0	0	0	0	0	523.097333664273	0	0	0	0	0	0	564.483817833771	0	0	0	0	0	0	2602.53336366111	0	0	0	0	0	0	3381.47385456017	0	0
GGCAAGAATTTGGGTTGCTT	0	0	0	0	0	0	0	0	0	0	0	0	0	0	0	0	0	0	35.6752175498418	0	0	0	0	0	0	56.5491188724029	0	0	0	0	0	0	0	0	0	0	0	0	0	0	0	0	0	0	0	0	148.686894299	0	0	0	0	0	0	191.47108159341	0	0
TGCAGTGCGGAACTGTTATT	0	0	0	0	56.9775187430138	0	0	0	0	0	0	88.8005810968104	0	0	0	0	0	0	82.4866217934188	0	0	0	0	0	0	77.1940352861373	0	0	0	0	0	0	0	0	0	0	0	0	0	0	0	0	0	0	0	0	593.908591585534	0	0	0	0	0	0	222.65559298303	0	0
ATAGGTAAGGTGGCATTGTC	0	0	0	0	0	0	0	0	0	0	0	0	0	0	0	0	0	0	44.7418474243873	0	0	0	0	0	0	51.8046349760788	0	0	0	0	0	0	0	0	0	0	0	0	0	0	0	0	0	0	0	0	0	0	0	0	0	0	0	0	0	0
TCGTCTGTGGGAGTGGGAGG	0	0	0	0	0	0	0	0	0	0	0	0	0	0	0	0	0	0	78.0518571808694	0	0	0	0	0	0	89.7605061466712	0	0	0	0	0	0	0	0	0	0	0	0	0	0	0	0	0	0	0	0	0	0	0	0	0	0	0	0	0	0
TGTCATATAGGAGTTTATAG	0	0	0	0	43.4065097333141	0	0	0	0	0	0	56.4736214966397	0	0	0	0	0	0	68.4924756827074	0	0	0	0	0	0	63.7299593641366	0	0	0	0	0	0	0	0	0	0	0	0	0	0	0	0	0	0	0	0	33.0001006782733	0	0	0	0	0	0	39.548870129693	0	0
AATTTGTGGTTTTTTCCGTG	0	0	0	0	82.8763908989291	0	0	0	0	0	0	43.266875806326	0	0	0	0	0	0	80.5156152989524	0	0	0	0	0	0	83.4772707164042	0	0	0	0	0	0	0	0	0	0	0	0	0	0	0	0	0	0	0	0	45.2120023417021	0	0	0	0	0	0	119.737613703002	0	0
TTACACAGCGTAACTTAGCG	0	0	0	0	178.495026898569	0	0	0	0	0	0	183.218957002187	0	0	0	0	0	0	0	0	0	0	0	0	0	0	0	0	0	0	0	0	0	0	0	0	0	0	0	0	0	0	0	0	0	0	1566.66579660752	0	0	0	0	0	0	1340.29757115387	0	0
TCTTAAGCTTTTGTGTTATT	0	0	0	0	0	0	0	0	0	0	0	0	0	0	0	0	0	0	0	0	0	0	0	0	0	0	0	0	0	0	0	0	0	0	0	0	0	0	0	0	0	0	0	0	0	0	66.8391869670111	0	0	0	0	0	0	59.9142653229143	0	0
AGCACTGTAGGTGGGTGCGT	0	0	0	0	0	0	0	0	0	0	0	0	0	0	0	0	0	0	0	0	0	0	0	0	0	0	0	0	0	0	0	0	0	0	0	0	0	0	0	0	0	0	0	0	0	0	56.6781390180512	0	0	0	0	0	0	45.0038866993059	0	0
TCTTGTTTATTAGTGTTAGG	0	0	0	0	0	213.546397715654	0	0	0	0	0	0	422.727191940293	0	0	0	0	0	0	129.216853569616	0	0	0	0	0	0	137.416808397422	0	0	0	0	0	0	882.485972793461	0	0	0	0	0	0	907.537223869077	0	0	0	0	0	0	622.036186245181	0	0	0	0	0	0	897.037387242022	0
ATTTAGAAGTGCATATATGT	0	0	0	0	0	0	0	0	0	0	0	0	0	0	0	0	0	0	0	98.6298076665089	0	0	0	0	0	0	106.756307898078	0	0	0	0	0	0	59.4160207639944	0	0	0	0	0	0	53.0103518615115	0	0	0	0	0	0	0	0	0	0	0	0	0	0	0
ATTGAGGATCTGTTCGTGTT	0	0	0	0	0	1351.64584495941	0	0	0	0	0	0	864.868116498802	0	0	0	0	0	0	3364.68237230982	0	0	0	0	0	0	3778.6845090043	0	0	0	0	0	0	299.349747177942	0	0	0	0	0	0	374.253084142271	0	0	0	0	0	0	346.224018610514	0	0	0	0	0	0	334.003282483731	0
TGCATAACGTCTGAGGTTCT	0	0	0	0	0	3120.8120669499	0	0	0	0	0	0	2603.2174843904	0	0	0	0	0	0	1243.22926225118	0	0	0	0	0	0	1088.00341264701	0	0	0	0	0	0	356.090831127186	0	0	0	0	0	0	427.687518818675	0	0	0	0	0	0	429.084373626288	0	0	0	0	0	0	374.433341759298	0
GATTATGTGTCTGGTAACTG	0	0	0	0	0	940.235522226341	0	0	0	0	0	0	692.878851472641	0	0	0	0	0	0	2868.09899899868	0	0	0	0	0	0	3278.78504434108	0	0	0	0	0	0	198.593793822355	0	0	0	0	0	0	188.398790515812	0	0	0	0	0	0	276.979214888411	0	0	0	0	0	0	273.394617047207	0
TTGATCATAATTGGCACAAG	0	0	0	0	0	909.17607954476	0	0	0	0	0	0	1004.72902120609	0	0	0	0	0	0	1405.60891295785	0	0	0	0	0	0	1332.28761771244	0	0	0	0	0	0	392.405124854702	0	0	0	0	0	0	672.383303011412	0	0	0	0	0	0	496.7731143434	0	0	0	0	0	0	520.564330780533	0
TCTTTTTTTGGTCTGTACTT	0	0	0	0	0	0	0	0	0	0	0	0	0	0	0	0	0	0	0	123.6360592294	0	0	0	0	0	0	156.412988054625	0	0	0	0	0	0	271.060263894676	0	0	0	0	0	0	353.791088323728	0	0	0	0	0	0	492.493941079674	0	0	0	0	0	0	349.883918379359	0
TATTGGGTTAATCTACATTT	0	0	0	0	0	1273.74265265971	0	0	0	0	0	0	1071.72007038162	0	0	0	0	0	0	1789.39584681578	0	0	0	0	0	0	1929.61193360002	0	0	0	0	0	0	8781.49332805911	0	0	0	0	0	0	12349.3975903614	0	0	0	0	0	0	8437.75164456409	0	0	0	0	0	0	14379.1873339545	0
TCTTTGGTTCGTGCCATATA	0	0	0	0	0	0	0	0	0	0	0	0	0	0	0	0	0	0	0	0	0	0	0	0	0	0	0	0	0	0	0	0	0	54.0661471344942	0	0	0	0	0	0	44.6347162673927	0	0	0	0	0	0	0	0	0	0	0	0	0	0	0
AAGGGCTTTTGAGGTTCGTA	0	0	0	0	0	3831.81871876235	0	0	0	0	0	0	3924.71846669793	0	0	0	0	0	0	6984.90073162067	0	0	0	0	0	0	6695.43125215929	0	0	0	0	0	0	764.140283413608	0	0	0	0	0	0	1061.16122356374	0	0	0	0	0	0	851.166463730116	0	0	0	0	0	0	899.878418434359	0
ATATCCCAATTTAGAACCTG	0	0	0	0	0	2266.83014456388	0	0	0	0	0	0	2272.91059702696	0	0	0	0	0	0	790.86295178945	0	0	0	0	0	0	749.182664375276	0	0	0	0	0	0	192.190157205226	0	0	0	0	0	0	263.143386640543	0	0	0	0	0	0	282.814451157127	0	0	0	0	0	0	214.679972405574	0
GGAATTCCTGTAACTCGATT	0	0	0	0	0	0	0	0	0	0	0	0	0	0	0	0	0	0	0	0	0	0	0	0	0	0	0	0	0	0	0	0	0	728.636576599653	0	0	0	0	0	0	704.93165905438	0	0	0	0	0	0	884.232802586177	0	0	0	0	0	0	875.620382869019	0
ATATTAGACGCGTGAGTCAT	0	0	0	0	0	0	0	0	0	0	0	0	0	0	0	0	0	0	0	170.321550344668	0	0	0	0	0	0	119.531516439472	0	0	0	0	0	0	0	0	0	0	0	0	0	0	0	0	0	0	0	0	0	0	0	0	0	0	0	0	0
CCGAGCGCATCTAGGCATGG	0	0	0	0	0	0	0	0	0	0	0	0	0	0	0	0	0	0	0	124.923934846373	0	0	0	0	0	0	197.071477847233	0	0	0	0	0	0	0	0	0	0	0	0	0	0	0	0	0	0	0	0	0	0	0	0	0	0	0	0	0
TCCTGGTATGATATTTTGAT	0	0	0	0	0	128.005637543432	0	0	0	0	0	0	149.977920297057	0	0	0	0	0	0	0	0	0	0	0	0	0	0	0	0	0	0	0	0	0	0	0	0	0	0	0	0	0	0	0	0	0	0	0	0	0	0	0	0	0	0	0
CTTCTTCTCCAATTTTACTT	0	0	0	0	0	0	0	0	0	0	0	0	0	0	0	0	0	0	0	0	52.3355753525296	0	0	0	0	0	0	37.1330021619659	0	0	0	0	0	0	56.1964543218254	0	0	0	0	0	0	78.3350965459876	0	0	0	0	0	0	58.8437405673404	0	0	0	0	0	0	57.3638603886899
TAAACTGTACTCGGCAAGCA	0	0	0	0	0	0	74.2976494601236	0	0	0	0	0	0	95.013213113122	0	0	0	0	0	0	82.0250925457023	0	0	0	0	0	0	135.019721750037	0	0	0	0	0	0	234.682048237057	0	0	0	0	0	0	247.580437684373	0	0	0	0	0	0	235.455240223751	0	0	0	0	0	0	229.739890449249
TGGTAAAATATCGACTTCAC	0	0	0	0	0	0	0	0	0	0	0	0	0	0	0	0	0	0	0	0	40.1209691799631	0	0	0	0	0	0	47.3445777565065	0	0	0	0	0	0	0	0	0	0	0	0	0	0	0	0	0	0	0	0	0	0	0	0	0	0	0	0
CTAGTCCGAGGGTTGGAGCA	0	0	0	0	0	0	0	0	0	0	0	0	0	0	0	0	0	0	0	0	0	0	0	0	0	0	0	0	0	0	0	0	0	0	0	0	0	0	0	0	0	0	0	0	0	0	0	0	42.6275937807063	0	0	0	0	0	0	56.7949625997112
GTCCGTAAATATTAGGTGGA	0	0	0	0	0	0	0	0	0	0	0	0	0	0	0	0	0	0	0	0	0	0	0	0	0	0	0	0	0	0	0	0	0	0	0	0	0	0	0	0	0	0	0	0	0	0	0	0	29.7831210784219	0	0	0	0	0	0	31.6686435864834
ATATTGGCATTGATACGTTA	0	0	0	0	0	0	0	0	0	0	0	0	0	0	0	0	0	0	0	0	0	0	0	0	0	0	0	0	0	0	0	0	0	0	0	0	0	0	0	0	0	0	0	0	0	0	0	0	26.2508910852937	0	0	0	0	0	0	32.2375413754621
